$coord
    -8.304735790774    -4.194966453562     0.692738478515   C
    -7.881099136090    -2.506194451906    -0.312366759134   H
   -10.069151760663    -4.114020558886     3.010281347998   C
   -11.398168678734    -2.611876983590     3.209396895923   H
    -9.902809925645    -6.196130600385     5.040082087239   C
   -10.224351202886    -5.740902226025     6.985576214946   H
    -9.318016458734    -8.731767099928     4.329557423696   O
    -7.238169399851    -6.547374249427    -0.108237263873   O
    -7.751467387304    -7.867862606490     1.020079287734   H
$end
