$energy      SCF               SCFKIN            SCFPOT
     1 -265.5168113086      263.914255     -529.431066     -.7825407378844
     2 -265.5178124690      263.926695     -529.444507     -.7823711130048
     3 -265.5190498499      263.937439     -529.456489     -.7821874704196
     4 -265.5205030481      263.946483     -529.466986     -.7819905927956
     5 -265.5221471115      263.953906     -529.476053     -.7817806983186
     6 -265.5239545551      263.959874     -529.483828     -.7815573807267
     7 -265.5258973361      263.964594     -529.490492     -.7813215335580
     8 -265.5279485294      263.9683231531     -529.4962716826
     9 -265.5162495505      263.900929     -529.417178     -.7826499672818
    10 -265.5164738195      263.894205     -529.410678     -.7826555529818
    11 -265.5151861290      263.890461     -529.405647     -.7829219037135
    12 -265.5163021909      263.907772     -529.424074     -.7824761982214
    13 -265.5163653967      263.910293     -529.426658     -.7825930534193
    14 -265.5153832541      263.890371     -529.405754     -.7830894628916
    15 -265.5163151697      263.918584     -529.434899     -.7824169144316
    16 -265.5161376275      263.896061     -529.412198     -.7828674044068
    17 -265.5164182747      263.904973     -529.421392     -.7824806919930
    18 -265.5159700954      263.882676     -529.398646     -.7829617014594
    19 -265.5167113232      263.900031     -529.416743     -.7825919952085
    20 -265.5170497869      263.887292     -529.404342     -.7826022188544
    21 -265.5145924864      263.879441     -529.394033     -.7831242911105
    22 -265.5167220216      263.914095     -529.430817     -.7822428799599
    23 -265.5169101665      263.9188188641     -529.4357290306
    24 -265.5161528725      263.896570     -529.412723     -.7825814496159
    25 -265.5160637672      263.891309     -529.407373     -.7827573260939
    26 -265.5169755323      263.905861     -529.422836     -.7823952634553
    27 -265.5167597625      263.900543     -529.417303     -.7825135344527
    28 -265.5167907550      263.921978     -529.438769     -.7821862471462
    29 -265.5156760163      263.918020     -529.433696     -.7824716233317
    30 -265.5165939244      263.924990     -529.441584     -.7822787725570
    31 -265.5173281686      263.896025     -529.413353     -.7825596762531
    32 -265.5166008197      263.904965     -529.421565     -.7825093845236
    33 -265.5152388991      263.886725     -529.401963     -.7830308487178
    34 -265.5164516791      263.891627     -529.408078     -.7824563403575
    35 -265.5162706543      263.881448     -529.397718     -.7827992944530
    36 -265.5181169682      263.910066     -529.428183     -.7820863973633
    37 -265.5176916507      263.899862     -529.417553     -.7823127935453
    38 -265.5177507707      263.942171     -529.459921     -.7816639303297
    39 -265.5154564176      263.934897     -529.450354     -.7822277517587
    40 -265.5173514757      263.947995     -529.465347     -.7818513012127
    41 -265.5188225139      263.891097     -529.409919     -.7824014540051
    42 -265.5173059033      263.908315     -529.425621     -.7823146494455
    43 -265.5146482457      263.872011     -529.386659     -.7833470763355
    44 -265.5169611427      263.885626     -529.402587     -.7823185887527
    45 -265.5166975480      263.871162     -529.387860     -.7828096081722
    46 -265.5194776610      263.912918     -529.432395     -.7817708600878
    47 -265.5162286810      263.894118     -529.410347     -.7826309303433
    48 -265.5158528278      263.894949     -529.410802     -.7826852995924
    49 -265.5168245256      263.908894     -529.425718     -.7824521839854
    50 -265.5149721979      263.880590     -529.395562     -.7830723021260
    51 -265.5152913733      263.909294     -529.424585     -.7827596135075
    52 -265.5150621405      263.899334     -529.414396     -.7826813303698
    53 -265.5153331914      263.910411     -529.425744     -.7825077320380
    54 -265.5163862113      263.886120     -529.402506     -.7828531884010
    55 -265.5165683341      263.905027     -529.421595     -.7824102507011
    56 -265.5157411513      263.911928     -529.427669     -.7826071659542
    57 -265.5166070606      263.886977     -529.403584     -.7825508191354
    58 -265.5159135445      263.888511     -529.404425     -.7826552735716
    59 -265.5177698561      263.915930     -529.433700     -.7822032169469
    60 -265.5140283164      263.860108     -529.374136     -.7834308053560
    61 -265.5147696510      263.916782     -529.431552     -.7828100860392
    62 -265.5141604967      263.897580     -529.411741     -.7826523995370
    63 -265.5146966697      263.919606     -529.434303     -.7823082661774
    64 -265.5169156430      263.8714662226     -529.3883818657
    65 -265.5158155460      263.905312     -529.421127     -.7824226595639
    66 -265.5160058195      263.908985     -529.424990     -.7827982668972
    67 -265.5155027522      263.922043     -529.437546     -.7824366197636
    68 -265.5158849129      263.893717     -529.409602     -.7829479837049
    69 -265.5177600712      263.917665     -529.435425     -.7820611635644
    70 -265.5165705156      263.901214     -529.417785     -.7827819323717
    71 -265.5161194883      263.8987948857     -529.4149143740
    72 -265.5157463941      263.897543     -529.413290     -.7827614975217
    73 -265.5160726946      263.879578     -529.395650     -.7828565453281
    74 -265.5164623999      263.904208     -529.420670     -.7826151616128
    75 -265.5159600252      263.914395     -529.430355     -.7824148683659
    76 -265.5155655559      263.916212     -529.431777     -.7826642728836
    77 -265.5168664727      263.907736     -529.424602     -.7825398350070
    78 -265.5155045343      263.906962     -529.422466     -.7827033346678
    79 -265.5151346959      263.907942     -529.423077     -.7829160264887
    80 -265.5146836462      263.917384     -529.432068     -.7825260229866
    81 -265.5157836529      263.918583     -529.434367     -.7824208273238
    82 -265.5156913971      263.893435     -529.409126     -.7828105338472
    83 -265.5161872181      263.858660     -529.374847     -.7829931232513
    84 -265.5170816443      263.906743     -529.423825     -.7825231608967
    85 -265.5160950441      263.927128     -529.443223     -.7821221325649
    86 -265.5152960705      263.931017     -529.446313     -.7826132071197
    87 -265.5178881550      263.913888     -529.431776     -.7823699773868
    88 -265.5151526693      263.912527     -529.427679     -.7826939829721
    89 -265.5144456745      263.914380     -529.428825     -.7831205935938
    90 -265.5133957530      263.933949     -529.447345     -.7823404344984
    91 -265.5157074389      263.935687     -529.451394     -.7821260401242
    92 -265.5159123595      263.888076     -529.403989     -.7828347154760
    93 -265.5164261185      263.838105     -529.354531     -.7830988372081
    94 -265.5179335414      263.907815     -529.425749     -.7824152754631
    95 -265.5165105994      263.938405     -529.454916     -.7818135977543
    96 -265.5153018288      263.944742     -529.460043     -.7825340375653
    97 -265.5191177551      263.918807     -529.437925     -.7821834256860
    98 -265.5150422251      263.917114     -529.432156     -.7826571017440
    99 -265.5140184674      263.919655     -529.433673     -.7833030703304
   100 -265.5122054863      263.950216     -529.462421     -.7821327465155
   101 -265.5158791330      263.951390     -529.467269     -.7818064061402
   102 -265.5164169923      263.881524     -529.397941     -.7828328099971
   103 -265.5168171049      263.818314     -529.335131     -.7831667034348
   104 -265.5190279379      263.907319     -529.426346     -.7822923835538
   105 -265.5172409302      263.947954     -529.465195     -.7814920039349
   106 -265.5156323251      263.957109     -529.472741     -.7824232961440
   107 -265.5205516038      263.922581     -529.443133     -.7819799944073
   108 -265.5152122979      263.920659     -529.435872     -.7825936201776
   109 -265.5138819249      263.923649     -529.437531     -.7834580672318
   110 -265.5111782783      263.965635     -529.476813     -.7819094142598
   111 -265.5163421660      263.965126     -529.481468     -.7814662374574
   112 -265.5172120885      263.873943     -529.391155     -.7827992830534
   113 -265.5173993658      263.799729     -529.317129     -.7831919170920
   114 -265.5203712261      263.905224     -529.425595     -.7821540187755
   115 -265.5183146880      263.955539     -529.473854     -.7811614046661
   116 -265.5163380541      263.967837     -529.484175     -.7822773249642
   117 -265.5221850003      263.925330     -529.447515     -.7817598065965
   118 -265.5157061436      263.923147     -529.438853     -.7824982308480
   119 -265.5140658209      263.926284     -529.440350     -.7835791592784
   120 -265.5104138137      263.979479     -529.489893     -.7816780818394
   121 -265.5171404704      263.976354     -529.493494     -.7811106141652
   122 -265.5183004122      263.865591     -529.383891     -.7827286350906
   123 -265.5182176092      263.782899     -529.301116     -.7831665375858
   124 -265.5219605957      263.901608     -529.423568     -.7819989377671
   125 -265.5197459974      263.961013     -529.480759     -.7808258569443
   126 -265.5174596549      263.976663     -529.494123     -.7820929444227
   127 -265.5240090098      263.927236     -529.451245     -.7815202233342
   128 -265.5165630751      263.924594     -529.441157     -.7823674401814
   129 -265.5145976175      263.927532     -529.442130     -.7836586725644
   130 -265.5100443397      263.990840     -529.500884     -.7814480323610
   131 -265.5183093866      263.984583     -529.502893     -.7807455014284
   132 -265.5196767704      263.856830     -529.376507     -.7826150772347
   133 -265.5193132835      263.768444     -529.287757     -.7830835220233
   134 -265.5237791191      263.896671     -529.420450     -.7818269693582
   135 -265.5215254626      263.964344     -529.485869     -.7804900650257
   136 -265.5190137580      263.983402     -529.502415     -.7818683211251
   137 -265.5260075424      263.928500     -529.454508     -.7812610567757
   138 -265.5178071989      263.925083     -529.442891     -.7821986514928
   139 -265.5154971682      263.927445     -529.442942     -.7836885468435
   140 -265.5102154388      263.998718     -529.508933     -.7812302839248
   141 -265.5198642324      263.9894467353     -529.5093109677
   142 -265.5161765119      263.902334     -529.418511     -.7826952756112
   143 -265.5159693940      263.897579     -529.413548     -.7825678545626
   144 -265.5164915619      263.894945     -529.411437     -.7827177976154
   145 -265.5154808133      263.905731     -529.421211     -.7827970054573
   146 -265.5158887192      263.904511     -529.420399     -.7826985381429
   147 -265.5151374146      263.919036     -529.434173     -.7828085444630
   148 -265.5164763625      263.907831     -529.424308     -.7825846588546
   149 -265.5152575469      263.910766     -529.426023     -.7826115555718
   150 -265.5162988395      263.903884     -529.420183     -.7825149597448
   151 -265.5167120714      263.892983     -529.409695     -.7824341209638
   152 -265.5165298032      263.903104     -529.419633     -.7826766394209
   153 -265.5161411679      263.893620     -529.409761     -.7824257334992
   154 -265.5171647149      263.888716     -529.405880     -.7827205614875
   155 -265.5151897745      263.909851     -529.425041     -.7828754830778
   156 -265.5159734131      263.907514     -529.423487     -.7826844757992
   157 -265.5143863167      263.936687     -529.451073     -.7829090513449
   158 -265.5171680748      263.914098     -529.431266     -.7824564298665
   159 -265.5146376323      263.920134     -529.434771     -.7825133017862
   160 -265.5168143908      263.906111     -529.422926     -.7823164136774
   161 -265.5175235934      263.884951     -529.402475     -.7821611909656
   162 -265.5171355238      263.902652     -529.419787     -.7826348008848
   163 -265.5165993264      263.888581     -529.405180     -.7822621261398
   164 -265.5180639023      263.882081     -529.400145     -.7826964474335
   165 -265.5152226759      263.912621     -529.427844     -.7829229681419
   166 -265.5163247241      263.909535     -529.425859     -.7826490358856
   167 -265.5138499894      263.953164     -529.467014     -.7829949061554
   168 -265.5181326210      263.919285     -529.437418     -.7823054877683
   169 -265.5142513794      263.928264     -529.442516     -.7823952498639
   170 -265.5176196351      263.907100     -529.424719     -.7820940854756
   171 -265.5185091711      263.876524     -529.395033     -.7818755289582
   172 -265.5179983415      263.900978     -529.418977     -.7825667857608
   173 -265.5173521358      263.882602     -529.399955     -.7820769819032
   174 -265.5191716865      263.875383     -529.394555     -.7826410526261
   175 -265.5156031139      263.9139194383     -529.4295225522
   176 -265.5172270864      263.884327     -529.401555     -.7828091047741
   177 -265.5163801299      263.882795     -529.399175     -.7830340416606
   178 -265.5153266467      263.887492     -529.402819     -.7829607521708
   179 -265.5149658399      263.919478     -529.434444     -.7828520783609
   180 -265.5156876602      263.896931     -529.412619     -.7827481672716
   181 -265.5167643269      263.905675     -529.422440     -.7826262158823
   182 -265.5157737151      263.902571     -529.418344     -.7828966239861
   183 -265.5155133176      263.903489     -529.419003     -.7825754132570
   184 -265.5160146194      263.911425     -529.427439     -.7827585673347
   185 -265.5169593463      263.890349     -529.407309     -.7826008616199
   186 -265.5185163710      263.868174     -529.386690     -.7828943341038
   187 -265.5168892289      263.864908     -529.381797     -.7833441871431
   188 -265.5148530144      263.873505     -529.388359     -.7832132253707
   189 -265.5140033210      263.937680     -529.451683     -.7829967548320
   190 -265.5155572623      263.892564     -529.408121     -.7827855071614
   191 -265.5176167292      263.910050     -529.427667     -.7825409408877
   192 -265.5156407699      263.904130     -529.419771     -.7830727243127
   193 -265.5151541848      263.905641     -529.420795     -.7824423098610
   194 -265.5162179871      263.921068     -529.437286     -.7828057019836
   195 -265.5180669247      263.879727     -529.397794     -.7824902506530
   196 -265.5158329313      263.889781     -529.405614     -.7828684121117
   197 -265.5167140577      263.899091     -529.415805     -.7825203051084
   198 -265.5154226949      263.896717     -529.412140     -.7828317332271
   199 -265.5166598603      263.906145     -529.422805     -.7825205335402
   200 -265.5164459132      263.898746     -529.415192     -.7827756970452
   201 -265.5161498261      263.898332     -529.414482     -.7824887368686
   202 -265.5155290065      263.897816     -529.413345     -.7827805345002
   203 -265.5156541571      263.895516     -529.411170     -.7827372383767
   204 -265.5159530415      263.923449     -529.439402     -.7822998192759
   205 -265.5160698766      263.902765     -529.418835     -.7826275903988
   206 -265.5157968259      263.878459     -529.394256     -.7830173121258
   207 -265.5175618049      263.896975     -529.414537     -.7823224097071
   208 -265.5150426601      263.891952     -529.406995     -.7829512875413
   209 -265.5174412114      263.9108110969     -529.4282523083
   210 -265.5162006874      263.914266     -529.430467     -.7824844040742
   211 -265.5162465866      263.895267     -529.411513     -.7826745107231
   212 -265.5153113653      263.892711     -529.408022     -.7829886436293
   213 -265.5164364195      263.913701     -529.430137     -.7823054740473
   214 -265.5156271595      263.909033     -529.424660     -.7827080713662
   215 -265.5157340721      263.884791     -529.400525     -.7830022626147
   216 -265.5161996078      263.897266     -529.413466     -.7826734686966
   217 -265.5160850579      263.873605     -529.389690     -.7830215952724
   218 -265.5169691932      263.900245     -529.417215     -.7824227916847
   219 -265.5161907798      263.920817     -529.437007     -.7823766086868
   220 -265.5165809179      263.926850     -529.443431     -.7822538961354
   221 -265.5167066736      263.889046     -529.405753     -.7826357345336
   222 -265.5148295002      263.8840685212     -529.3988980213
   223 -265.5153117318      263.911027     -529.426339     -.7825857268180
   224 -265.5164369601      263.906771     -529.423208     -.7824039777735
   225 -265.5161785423      263.899284     -529.415462     -.7829365090023
   226 -265.5151575055      263.909911     -529.425068     -.7827842294591
   227 -265.5147412402      263.914341     -529.429082     -.7827343752854
   228 -265.5153566064      263.895979     -529.411335     -.7829472871812
   229 -265.5159179657      263.883285     -529.399203     -.7829620911920
   230 -265.5157274895      263.899378     -529.415105     -.7826570503335
   231 -265.5160123144      263.910037     -529.426050     -.7824930607750
   232 -265.5165378046      263.886378     -529.402916     -.7829603785881
   233 -265.5147430945      263.920659     -529.435402     -.7824591282208
   234 -265.5170004757      263.912165     -529.429165     -.7821010741598
   235 -265.5164833344      263.897541     -529.414024     -.7831504469567
   236 -265.5152911762      263.893289     -529.408580     -.7829298536844
   237 -265.5173683334      263.916341     -529.433710     -.7824351180274
   238 -265.5153992482      263.888887     -529.404286     -.7829242150939
   239 -265.5157567179      263.901509     -529.417265     -.7828063785283
   240 -265.5160706125      263.878516     -529.394586     -.7831213942544
   241 -265.5155157128      263.906401     -529.421916     -.7826321846537
   242 -265.5175554054      263.893045     -529.410601     -.7825442891005
   243 -265.5154374280      263.881161     -529.396598     -.7830291669130
   244 -265.5145623894      263.918155     -529.432717     -.7827174959460
   245 -265.5163050962      263.9125928061     -529.4288979022
$end
