-266.307170827309
   0.060623211097107     0.087687383607327    -0.089451446240756
 -0.0045112766371779   -0.0085655567460603     0.019476171917127
  -0.074573179775374     0.044772956916575     0.048399701941086
 -0.0044629570852659    -0.014915359129069   -0.0088000025661519
  -0.019354539578608      0.10093299791007      0.08908380867794
 0.00053005604323841    0.0064579237540781    0.0061105536012596
   0.023201555825308      -0.1447766925421    -0.042458850171669
    0.01089066289937    -0.071816878064028    -0.016067744327939
  0.0076564670910978   0.00022322445583178   -0.0062921927254656
