9  S
C  H  O  
    1     1	 -4.164299899334	 -2.300448615597	  0.682858750950
    2     2	 -3.511303546354	 -1.564715933526	  0.144583548514
    3     1	 -3.577223839556	 -3.376822718850	  1.332139989681
    4     2	 -2.472180101243	 -3.327084638636	  1.365961275349
    5     1	 -4.410399441328	 -4.181696612373	  2.128430659832
    6     2	 -3.916064377402	 -4.957493164335	  2.673196896681
    7     3	 -5.674057705306	 -4.116989584808	  2.047358684906
    8     3	 -5.449132717654	 -2.151331979902	  0.571974671868
    9     2	 -5.832204734564	 -2.894053265583	  1.221122528894
           	  0.000000000000	  0.000000000000	  0.000000000000
           	100.000000000000	  0.000000000000	  0.000000000000
           	  0.000000000000	100.000000000000	  0.000000000000
           	  0.000000000000	  0.000000000000	100.000000000000
