1            0.27477060
2            0.07611406
3           -0.35129827
4            0.09368826
5            0.41153013
6           -0.00412132
7           -0.48516388
8           -0.41493785
9            0.39941826
1            3.72522940
2            0.92388594
3            4.35129827
4            0.90631174
5            3.58846987
6            1.00412132
7            6.48516388
8            6.41493785
9            0.60058174
1            1.00000000
1            2.00000000
2            1.00000000
3            1.00000000
3            2.00000000
4            1.00000000
5            1.00000000
5            2.00000000
6            1.00000000
7            1.00000000
7            2.00000000
8            1.00000000
8            2.00000000
9            1.00000000
1            1.00000000
1            2.00000000
1            2.00000000
1            2.00000000
2            1.00000000
3            1.00000000
3            2.00000000
3            2.00000000
3            2.00000000
4            1.00000000
5            1.00000000
5            2.00000000
5            2.00000000
5            2.00000000
6            1.00000000
7            1.00000000
7            2.00000000
7            2.00000000
7            2.00000000
8            1.00000000
8            2.00000000
8            2.00000000
8            2.00000000
9            1.00000000
1            0.03147477
2            0.00943869
3           -0.05673038
4            0.00666031
5           -0.01742180
6            0.00450190
7            0.00687065
8            0.00193583
9            0.01327004
