       -13.236769992
   3.833775562399999864e-02     4.280158720200000211e-02    -7.626810076300000185e-02
  -4.088180363999999699e-03    -2.215619334800000145e-02     1.753183231300000158e-02
  -3.006704729499999965e-02    -1.978876348999999979e-03     3.979552073599999795e-02
  -4.855562120000000287e-03     9.505261091000000162e-03     5.836021426999999859e-03
  -6.958625367999999797e-03     7.420210816999999771e-03     2.587654396000000148e-03
  -4.609023777000000217e-03     1.923867269999999900e-03     1.578285541300000067e-02
   8.959716972000000834e-03    -1.559368875899999965e-02    -3.401607489999999845e-03
   1.842880070000000074e-04    -1.167360230199999960e-02     3.133481160999999817e-03
   3.096678320999999862e-03    -1.024856562199999953e-02    -4.997657194999999622e-03
   1.038899999999999959e-08    -7.228000000000000269e-09    -1.519700000000000036e-08
  -7.228000000000000269e-09     1.395299999999999928e-08     5.998000000000000174e-09
  -1.519700000000000036e-08     5.998000000000000174e-09     2.638500000000000101e-08
  -3.710070170000000071e-04     2.581277880000000264e-04     5.426789110000000433e-04
   2.581280259999999970e-04    -4.982620600000000526e-04    -2.141814460000000082e-04
   5.426788300000000417e-04    -2.141812179999999977e-04    -9.422158460000000253e-04
