9  S
C  H  O  
    1     1	 -4.478629089411	 -2.352092325859	  0.429529551103
    2     2	 -4.433403967134	 -1.489514832532	 -0.304259262468
    3     1	 -5.133547228389	 -2.133174319895	  1.643783739473
    4     2	 -5.553880138313	 -1.279699758904	  2.217094816387
    5     1	 -5.354928577171	 -3.344733782303	  2.436678709098
    6     2	 -6.168473645552	 -3.489940509194	  3.303985630870
    7     3	 -4.765841156916	 -4.436129667576	  2.210254707200
    8     3	 -3.953893019668	 -3.497308650645	  0.095999781950
    9     2	 -4.171952975332	 -4.224649387579	  0.793064670231
           	  0.000000000000	  0.000000000000	  0.000000000000
           	100.000000000000	  0.000000000000	  0.000000000000
           	  0.000000000000	100.000000000000	  0.000000000000
           	  0.000000000000	  0.000000000000	100.000000000000
