1            0.31942639
2            0.05462426
3           -0.37557273
4            0.12289241
5            0.38605366
6            0.00736191
7           -0.51655131
8           -0.41486593
9            0.41663134
1            3.68057361
2            0.94537574
3            4.37557273
4            0.87710759
5            3.61394634
6            0.99263809
7            6.51655131
8            6.41486593
9            0.58336866
1            1.00000000
1            2.00000000
2            1.00000000
3            1.00000000
3            2.00000000
4            1.00000000
5            1.00000000
5            2.00000000
6            1.00000000
7            1.00000000
7            2.00000000
8            1.00000000
8            2.00000000
9            1.00000000
1            1.00000000
1            2.00000000
1            2.00000000
1            2.00000000
2            1.00000000
3            1.00000000
3            2.00000000
3            2.00000000
3            2.00000000
4            1.00000000
5            1.00000000
5            2.00000000
5            2.00000000
5            2.00000000
6            1.00000000
7            1.00000000
7            2.00000000
7            2.00000000
7            2.00000000
8            1.00000000
8            2.00000000
8            2.00000000
8            2.00000000
9            1.00000000
1           -0.00829112
2            0.00651828
3           -0.01073559
4            0.00868432
5           -0.01093014
6            0.02529976
7           -0.00794624
8           -0.00466874
9            0.00206947
