       -13.188892239
   4.430659393800000234e-02     6.679411475799999776e-02    -5.604580681600000031e-02
  -2.891364340000000051e-04    -4.248407166999999818e-03     8.146730249000000770e-03
  -4.750656292299999806e-02     2.571837350700000024e-02     2.954229997999999885e-02
  -2.957439263399999976e-02     1.972200911699999865e-02     2.663305457999999831e-03
  -3.316280106000000019e-03     6.657827691699999551e-02     6.698893168399999709e-02
  -4.416208363999999872e-03     3.502666003000000187e-03     8.536061475999999135e-03
   1.493737675599999919e-02    -1.137596606580000003e-01    -2.496421396100000079e-02
   3.072110247699999866e-02    -4.596646411400000243e-02    -5.068219502199999837e-02
  -4.862492710000000141e-03    -1.834090836199999894e-02     1.581488695100000119e-02
   2.978499999999999837e-08    -2.400900000000000012e-08    -2.928300000000000155e-08
  -2.400900000000000012e-08     8.422600000000000259e-08     5.477000000000000008e-09
  -2.928300000000000155e-08     5.477000000000000008e-09     5.360500000000000256e-08
  -1.063640080999999921e-03     8.573926869999999719e-04     1.045717104000000062e-03
   8.573925970000000063e-04    -3.007758886000000062e-03    -1.955733059999999895e-04
   1.045716838000000041e-03    -1.955731089999999906e-04    -1.914263001000000028e-03
