# moltype_A;atomtype_A;moltype_B;atomtype_B;rnoncoulomb;guffcoeff[0];guffcoeff[1];guffcoeff[2];guffcoeff[3];guffcoeff[4];guffcoeff[5];guffcoeff[6];guffcoeff[7];guffcoeff[8];guffcoeff[9];guffcoeff[10];guffcoeff[11];guffcoeff[12];guffcoeff[13];guffcoeff[14];guffcoeff[15];guffcoeff[16];guffcoeff[17];guffcoeff[18];guffcoeff[19];guffcoeff[20];guffcoeff[21];guffcoeff[22];
# First Trial for guff coefficients
# H2O H2O
#  Note: physical units MUST be:
# 
#  'kcal/mol' for energies
#  'Angstroem' for distances
# 
#   guffcoeff[0] denotes for Coulombic interactions:
#   conversion factor:  332.0640694675 * q(i) *q(j)
#                  0            1        2       3         4         5         6        7       8     9    10    11    12     13      14     15    16     17      18     19     20     21   22

################################
#####   WATER - Moltype 1  ##### 
################################

# H2O H2O 
1;0;1;0;-1.0;144.538;26758.20;8.85910;0.000;1.000;0.000;1.000;0.000;1.000;0.0000;1.000;0.000;0.000;1.00000;0.000;-0.250;-4.00000;3.40000;2.000;-0.250;-1.500;4.500;2.000;
1;0;1;1;5.0;-72.269;6.234030;9.19912;0.000;1.000;0.000;1.000;0.000;1.000;-10.00;40.00;1.050;-4.00;5.49305;2.200;0.0000;1.000000;0.00000;1.000;0.0000;1.0000;0.000;1.000;
1;1;1;1;3.0;36.1345;0.000000;1.00000;0.000;1.000;0.000;1.000;0.000;1.000;18.000;40.00;2.050;0.000;1.00000;0.000;-17.00;-7.62177;1.45251;2.000;0.0000;1.0000;0.000;1.000;

# H2O NH3
1;0;2;0;-1.0;175.74566489041945;754.00685547;4.0;5685.29460375;8.0;0.000;0.0000;0.000;0.000;0.000;0.0000;0.000;0.000;0.000;0.00000;0.000;0.000;0.000000;0.000;0.0000;0.0000;0.000;0.0000;
1;0;2;1;-1.0;-58.5818882968339;-277.87553094;4.0;1935.75905006;7.0;-5763.76630637;10.0;4980.1048419;12.0;0.000;0.0000;0.000;0.000;0.000;0.00000;0.000;0.000;0.000000;0.000;0.0000;0.0000;0.000;0.000;
1;1;2;0;-1.0;-87.87283244520972;-4648.75835207;5.0;15904.6434669;6.0;-18616.4722424;7.0;7465.90564571;8.0;0.000;0.0000;0.000;0.000;0.000;0.00000;0.000;0.000;0.000000;0.000;0.0000;0.0000;0.000;0.0000;
1;1;2;1;-1.0;29.29094414841695;201.96584931;4.0;-316.43392222;5.0; 143.82311615;6.0;0.000;0.0000;0.000;0.000;0.000;0.00000;0.000;0.000;0.000000;0.000;0.0000;0.0000;0.000;0.0000;0.000000;0.000000; 

# H2O Na(I)
1;0;3;0;-1.0;-219.07949462385315;-706.76251;4.000;1392.0333;8.0;0.000;1.000;0.000;1.000;0.000;1.0000;0.000;0.000;0.000;0.00000;25305.645;-3.2255897;0.000000;1.000;0.0000;1.0000;0.000;1.0000;
1;1;3;0;-1.0;109.53974731192658;33.6225810;4.000;173.84901;8.0;0.000;1.000;0.000;1.000;0.000;1.0000;0.000;0.000;0.000;0.00000;19.141491;-0.8713758;0.000000;1.000;0.0000;1.0000;0.000;1.0000;

# H2O Cl(-I)
1;0;4;0;-1.0;219.07949462385315;580.37511;5.0;-7585.8134;6.0;0.000;0.000;0.000;0.000;0.000;0.0000;0.000;0.000;0.000;0.00000;54901.103;-2.8798832;0.000000;1.000;0.0000;0.0000;0.000;0.0000;
1;1;4;0;-1.0;-109.53974731192658;-429.09512;5.0;690.280360;6.0;0.000;0.000;0.000;0.000;0.000;0.0000;0.000;0.000;0.000;0.00000;592.20862;-2.2169231;0.000000;1.000;0.0000;0.0000;0.000;0.0000;

# H2O F(-I)
1;0;6;0;-1.0;0.000000;0.000000;0.000000;0.000000;0.000000;0.000000;0.000000;0.000000;0.000000;0.000000;0.000000;0.000000;0.000000;0.000000;0.000000;0.000000;0.000000;0.000000;0.000000;0.000000;0.000000;0.000000;0.000000;
1;1;6;0;-1.0;0.000000;0.000000;0.000000;0.000000;0.000000;0.000000;0.000000;0.000000;0.000000;0.000000;0.000000;0.000000;0.000000;0.000000;0.000000;0.000000;0.000000;0.000000;0.000000;0.000000;0.000000;0.000000;0.000000;

# H2O Al(III)
1;0;7;0;-1.0;-657.148152;-2571.3065533;4.0;14601.4246983;7.0;-30988.0298932;10.0;21644.7318147;12.0;0.000;0.0000;0.000;0.000;0.000;0.00000;0.000;0.000;0.000000;0.000;0.0000;0.0000;0.000;0.0000;
1;1;7;0;-1.0;328.5740761;227.390799900;4.0;-284.92145310;7.0;-59.9256997000;9.00;293.418479800;12.0;0.000;0.0000;0.000;0.000;0.000;0.00000;0.000;0.000;0.000000;0.000;0.0000;0.0000;0.000;0.0000;

# H2O Cs(I)
1;0;8;0;-1.0;-219.049384;-5399.59;5.0;209691.46;8.0;-255683.30;9.0;12858.14;12.0;0.000;0.0000;0.000;0.000;0.000;0.00000;0.000;0.000;0.000000;0.000;0.0000;0.0000;0.000;0.0000;
1;1;8;0;-1.0;109.5246920;395.07;5.0;15506.44;7.0;-116883.02;9.00;523320.45;12.0;0.000;0.0000;0.000;0.000;0.000;0.00000;0.000;0.000;0.000000;0.000;0.0000;0.0000;0.000;0.0000;

# H2O Zn(II)
1;0;9;0;-1.0;-438.098768;-9519.0582366;5.0;19094.3701109;6.0;-34732.5658607;10.0;32684.4707689;12.0;0.000;0.0000;0.000;0.000;0.000;0.00000;0.000;0.000;0.000000;0.000;0.0000;0.0000;0.000;0.0000;
1;1;9;0;-1.0;219.049384;-1156.3475906;5.0;6116.9497504;7.0;-50493.3549526;11.0;50951.4220307;12.0;0.000;0.0000;0.000;0.000;0.000;0.00000;0.000;0.000;0.000000;0.000;0.0000;0.0000;0.000;0.0000;
#                 0             1       2       3      4         5         6        7         8     9    10     11    12     13     14     15    16     17      18     19     20     21   22

# H2O FE(III)
#             0             1       2       3         4         5         6        7        8     9    10    11    12    13      14     15    16     17      18     19     20     21   22
1;0;10;0;-1.0;-657.148152;-11456.49984;5.0;81418.48201;7.0;-86802.13176;8.0;23768.78161;12.0;0.000;0.0000;0.000;0.000;0.000;0.00000;0.000;0.000;0.000000;0.000;0.0000;0.0000;0.000;0.0000;
1;1;10;0;-1.0;328.5740761;818.31445;5.0;2434.12043;7.0;1098.56636;8.00;1333.06548;12.0;0.000;0.0000;0.000;0.000;0.000;0.00000;0.000;0.000;0.000000;0.000;0.0000;0.0000;0.000;0.0000;

################################
###### AMMONIA - Moltype 2 #####
################################

# NH3 NH3
2;0;2;0;-1.0;213.691477174;801983.3587;12.0;195.797;6.0;0.00;0.00;0.00;0.00;0.00;0.00;0.00;0.00;0.00;0.00;0.00;0.00;0.00;1.00;0.00;0.00;0.00;1.00;
2;0;2;1;6.0;-71.2304923913;0.00;0.00;0.00;0.00;0.00;0.00;0.00;0.00;0.00;0.00;0.00;0.00;0.00;0.00;0.0150002;-4.6;2.4;1.0;-0.0300005;-2.3;2.4;1.0; 
2;1;2;1;5.0;23.7434974638;0.00;0.00;0.00;0.00;0.00;0.00;0.00;0.00;0.00;0.00;0.00;0.00;0.00;0.00;700.01125;-3.7;0.0;1.0;0.00;0.00;0.00;0.00;

# NH3 Zn(II)
2;0;9;0;-1.0;-532.763593053657;-24655.8468192;5.0;50005.0030025;6.0;-122242.1924984;10.0;129417.6831472;12.0;0.000;0.0000;0.000;0.000;0.000;0.00000;0.000;0.000;0.000000;0.000;0.0000;0.0000;0.000;0.0000;
2;1;9;0;-1.0;177.587864351219;1771.2252581;5.0;-2210.6201407;6.0;-1591.1509638;10.0;3519.9242318;12.0;0.000;0.0000;0.000;0.000;0.000;0.00000;0.000;0.000;0.000000;0.000;0.0000;0.0000;0.000;0.0000;


################################
######  SODIUM - Moltype 3 #####
################################
# Na(I) Cl(-I)
#                0            1    2    3      4     5      6     7     8    9  10  11  12  13  14     15       16    17  18  19  20  21  22
3;0;4;0;-1.0;-332.0640694675;-6073.39;5.0;30612.7;6.0;-26389.4;7.0;4509.98;12.0;0.0;0.0;0.0;0.0;0.0;0.0;-188.751;-1.04392;0.0;1.0;0.0;1.0;0.0;1.0;
