# MOLTYPE 1
NASP   56
  1  -8  -9 -10  11  12 -14 
  2  -6  -7   8   9  10  11  12 -13  14 
  3  -6  -7   8   9  10  11  12 -13  14  
  4  -6  -7   8   9  10  11  12 -13  14  
  5 -11 -12 
  6  -8   9  10  11  12 -14 
  7 -14 
  8 -11 -12 -13  14 
  9 -11 -12 -13  14 
 10 -13  14
 11  13  14
 12  13  14
END

# MOLTYPE 2
ALA    22
1    -6   -7   -8  -10 
2    -4   -5    6    7    8    -9    10
4    -6   -7   -8  -10 
5   -10
6    -9   10
7    -9   10
8    -9   10
END

# MOLTYPE 3
GLU    68
1     -6    -7    -8     9    10    11    12   13   -15
2     -4    -5     6     7     8     9    10   11    12    13   -14   15
3     -9   -10   -11    12    13
4     -6    -7    -8     9    10    11    12   13   -15
5    -12   -13   -15
6     -9   -10   -11    12    13   -14    15
7     -9   -10   -11    12    13   -14    15
8    -14    15
9    -12   -13    14    15
10   -12   -13    14    15
11    14    15
12    14    15
13    14    15
END

# MOLTYPE 4
PHE   134
1    -6   -7   -8    9   10   11   12   13   14   15  16  17  18  -20
2    -4   -5   -6    7    8    9   10   11   12   13  14  15  16   17  18  -19  20
3    -9   10   11   12   13   14   15   16  -17   18 
4    -6   -7   -8    9   10   11   12   13   14   15  16  17  18  -20
5   -10  -11   12   13   14  -15   16  -18  -20     
6    -9   10   11   12   13   14   15   16  -17   18
7    -9   10   11   12   13   14   15   16  -17   18
8   -12  -13   14  -16  -19   20
9   -14  -15   16  -18   19   20 
10  -12  -13   14   15   16  -17   18   19   20
11  -16  -17   18   19   20
12  -14  -15   16  -17   18   19   20   
13  -18   19   20
14  -16  -17   18   19   20 
15   19   20
16  -18   19   20
17   19   20
18   19   20
END

# MOLTYPE 5
ARG   215
1    -6   -7   -8    9   10   11   12   13   14   15   16   17   18   19   20   21   22  -24
2    -4   -5    6    7    8    9   10   11   12   13   14   15   16   17   18   19   20   21   22   -23   24
3    -9  -10  -11   12   13   14   15   16   17   18   19   20   21   22   
4    -6   -7   -8    9   10   11   12   13   14   15   16   17   18   19   20   21   22  -24
5   -12  -13  -14   15   16   17   18   19   20   21   22  -24
6    -9  -10  -11   12   13   14   15   16   17   18   19   20   21   22  -23  -24
7    -9  -10  -11   12   13   14   15   16   17   18   19   20   21   22  -23  -24   
8   -15  -16   17   18   19   20   21   22  -23   24
9   -12  -13  -14   15   16   17   18   19   20   21   22   23   24
10  -12  -13  -14   15   16   17   18   19   20   21   22   23   24
11  -17   18   19  -20   21   22   23   24
12  -15  -16   17   18   19   20   21   22   23   24
13  -15  -16   17   18   19   20   21   22   23   24
14  -18  -19  -21  -22   23   24 
15  -17   18   19  -20   21   22   23   24
16   23   24
17  -21  -22   23   24
18  -20   21   22   23   24
19  -20   21   22   23   24
20   23   24
21   23   24
22   23   24
END


# MOLTYPE 6
HIC   0
END

# MOLTYPE 7
ASP    37
1    -6   -7   -8   9   10   -12
2    -4   -5    6   7    8     9   10   -11   12
3    -9  -10
4    -6   -7   -8   9   10   -12
5   -12
6    -9  -10  -11  12 
7    -9  -10  -11  12
8   -11
9    11   12
10   11   12
END

# MOLTYPE 8
SER    30
1   -6    -7   -8    9   -11
2   -4    -5    6    7     8    9   -10   11
3   -9
4   -6    -7   -8    9   -11
5  -11
6   -9   -10   11
7   -9   -10   11
8  -10    11
9   10    11
END

# MOLTYPE 9
GLY    7
1    -7
2    -4   -5   -6    7
4    -7
5    -7
END

# MOLTYPE 10
TYR   155
1    -6   -7   -8    9   10   11   12   13   14   15  16   17  18  19  -21
2    -4   -5    6    7    8    9   10   11   12   13  14   15  16  17   18  19  -20  21
3    -9   10   11   12   13   14   15   16   17  -18  19  
4    -6   -7   -8    9   10   11   12   13   14   15  16   17  18  19  -21  
5   -10  -11   12   13   14   15  -16   17  -19  -21     
6    -9   10   11   12   13   14   15   16   17  -18  19  -20  21
7    -9   10   11   12   13   14   15   16   17  -18  19  -20  21
8   -12  -13   14   15  -17  -20   21
9   -14   15  -16   17  -19   20   21
10  -12  -13   14   15   16   17  -18   19   20   21 
11  -15  -17  -18   19   20   21
12  -14   15  -16   17   18   19   20   21
13  -19   20   21
14  -17  -18   19   20   21
15  -16   17   18   19   20   21 
16   20   21
17   20   21
18   20   21
19   20   21
END

# MOLTYPE 11
GLZ    0
END

# MOLTYPE 12
VAL    79
1    -6    -7     8     9    10   -11    12   13   14   -16
2    -4    -5     6     7     8     9    10   11   12    13   14   -15    16
3    -8    -9   -10   -12   -13   -14
4    -6    -7     8     9    10   -11    12   13   14   -16
5   -16
6    -8    -9   -10   -12   -13   -14   -15   16
7   -12   -13   -14   -15    16
8   -11    12    13    14    15    16
9   -11    12    13    14    15    16
10  -11    12    13    14    15    16
11  -15    16
12   15    16
13   15    16
14   15    16
END

# MOLTYPE 13
HIG  0
END

# MOLTYPE 14
HIH   0
END

# MOLTYPE 15
GLN    92
1     -6    -7    -8     9    10    11    12    13    14    15    -17
2     -4    -5     6     7     8     9    10    11    12    13     14    15    -16    17
3     -9   -10   -11    12    13    14    15
4     -6    -7    -8     9    10    11    12    13    14    15    -17
5    -12   -13    14    15   -17
6     -9   -10   -11    12    13    14    15   -16    17 
7     -9   -10   -11    12    13    14    15   -16    17 
8    -14   -15   -16    17
9    -12   -13    14    15    16    17
10   -12   -13    14    15    16    17
11    16    17
12   -14   -15    16    17
13    16    17
14    16    17
END

# MOLTYPE 16
LYS   171
1    -6   -7   -8    9   10   11   12   13   14   15   16   17   18   19   20   -22
2    -4   -5    6    7    8    9   10   11   12   13   14   15   16   17   18    19   20   -21   22
3    -9  -10   11   12   13   14   15   16   17   18   19   20  
4    -6   -7    8    9   10   11   12   13   14   15   16   17   18   19   20   -22
5   -12  -13  -14   15   16   17   18   19   20 
6    -9  -10  -11   12   13   14   15   16   17   18   19   20  -21   22
7    -9  -10  -11   12   13   14   15   16   17   18   19   20  -21   22
8   -15  -16  -17   18   19   20  -21   22   
9   -12  -13  -14   15   16   17   18   19   20   21   22 
10  -12  -13  -14   15   16   17   18   19   20   21   22
11  -18  -19  -20   21   22
12  -15  -16  -17   18   19   20   21   22
13  -15  -16  -17   18   19   20   21   22
14   21   22
15  -18  -19  -20   21   22
16  -18  -19  -20   21   22
17   21   22
18   21   22
19   21   22
20   21   22
END

# MOLTYPE 17
LEU   121
1    -6    -7    -8     9    10    11    12   13   14    15   16   17   -19
2    -4    -5     6     7     8     9    10   11   12    13   14   15    16   17   -18   19
3    -9   -10    11    12    13   -14    15   16   17 
4    -6    -7    -8     9    10    11    12   13   14    15   16   17   -19
5   -11   -12   -13   -15   -16   -17   -19 
6    -9   -10    11    12    13   -14    15   16   17   -18   19
7    -9   -10    11    12    13   -14    15   16   17   -18   19
8   -18    19
9   -11   -12   -13   -15   -16   -17    18   19
10  -15   -16   -17    18    19
11  -14    15    16    17    18    19
12  -14    15    16    17    18    19
13  -14    15    16    17    18    19
14   18    19
15   18    19
16   18    19
17   18    19
END

# MOLTYPE 18
ASN    58
1    -6    -7    -8     9    10    11    12   -14
2    -4    -5     6     7     8     9    10    11    12    -13    14
3    -9   -10    11    12
4    -6    -7    -8     9    10    11    12   -14
5   -11   -12   -14
6    -9   -10    11    12   -13    14
7    -9   -10    11    12   -13    14
8   -13    14
9   -11   -12    13    14
10   13    14
11   13    14
12   13    14
END

# MOLTYPE 19
ILE   118
1     -6    -7     8     9    10   -11    12    13    14    15    16    17   -19
2     -4    -5     6     7     8     9    10    11    12    13    14    15    16   17   -18   19
3    -12   -13   -14    15    16    17
4     -6    -7     8     9    10   -11    12    13    14    15    16    17   -19
5    -15   -16   -17   -19
6     -8    -9   -10   -12   -13   -14    15    16    17   -18    19
7    -12   -13   -14    15    16    17   -18    19
8    -11    12    13    14    15    16    17    18    19
9    -11    12    13    14    15    16    17    18    19
10   -11    12    13    14    15    16    17    18    19
11   -18   -19
12   -15   -16   -17    18    19
13   -15   -16   -17    18    19
14    18    19
15    18    19
16    18    19
17    18    19
END

# MOLTYPE 20
MET     93
1    -6   -7   -8    9   10   11   12   13   14   15  -17
2    -4   -5    6    7    8    9   10   11   12   13   14   15  -16   17
3    -9  -10  -11   12   13   14   15  
4    -6   -7   -8    9   10   11   12   13   14   15  -17
5   -12   13   14   15  -17    
6    -9  -10  -11   12   13   14   15  -16   17 
7    -9  -10  -11   12   13   14   15  -16   17   
8   -13  -14  -15  -16   17  
9   -12   13   14   15   16   17
10  -12   13   14   15   16   17
11   16   17
12   16   17
13   16   17
14   16   17
15   16   17
END

# MOLTYPE 21
CALA   30
  1  -6  -7  -8 -10 -11
  2  -4  -5   6   7   8   9  10  11
  4  -6  -7  -8   9  10  11
  5 -10 -11
  6  -9  10  11
  7  -9  10  11
  8  -9  10  11
END

# MOLTYPE 22
Na+    0
END

# MOLTYPE 23
WAT 0
END

# MOLTYPE 24
Zn  0
END

# MOLTYPE 25
HIC_BB    5
1    -6
2    -4    -5    6
4    -6
END

# MOLTYPE 26
HIC_SC   28
1    -6    7   -8    9  -11
2    -5    6    7    8    9   -10   11
3    -5    6    7    8    9   -10   11
4    -7  -9
5    -9  -11
6   -11
7    -9  -10  11
9   -11
END

# MOLTYPE 27
GLZ_BB   5
1    -6
2    -4    -5    6
4    -6
END

# MOLTYPE 28
GLZ_SC   16
1   -8  -9
2   -5  -6  -7  8  9   
3   -5  -6  -7  8  9 
5   -8  -9
6   -8  -9
END

# MOLTYPE 29
HIG_BB   5
1    -6
2    -4    -5    6
4    -6
END

# MOLTYPE 30
HIG_SC   29
1    -6   -7    8   -9  -11
2    -5    6    7    8    9   -10   11
3    -5    6    7    8    9   -10   11
4    -8
5   -10   11
6    -8   -9  -10  11
7   -11
8   -10   11
END

# MOLTYPE 31
HIH_BB    5
1    -6
2    -4    -5    6
4    -6
END

# MOLTYPE 32
HIH_SC   28
1    -6    7   -8    9  -11
2    -5    6    7    8    9   -10   11
3    -5    6    7    8    9   -10   11
4    -7  -9
5    -9  -11
6   -11
7    -9  -10  11
9   -11
END


