     -1084.950075158
   2.742771491999999953e-03    -1.044886202999999918e-03     4.035426594000000172e-03
  -5.692538785000000358e-03    -1.930722036499999891e-02     1.675695763000000036e-03
  -5.393697019999999518e-04     6.630210519000000191e-03     8.267336461000000455e-03
   1.350052189999999914e-04     1.139181329999999998e-04    -8.417666386000000056e-03
  -7.126721027999999812e-03     1.215336073399999987e-02     5.297608064999999831e-03
  -5.004790058000000048e-03    -1.184574196999999950e-03    -1.456202062099999986e-02
  -1.301079085800000042e-02    -7.076236274000000277e-03     2.130469631100000150e-02
  -3.653168227000000001e-03     8.659843069999999471e-04    -2.841317759999999887e-03
  -3.897662243999999981e-03    -4.208216830000000019e-03    -1.934849426800000147e-02
   1.170528356600000069e-02     1.206990981600000040e-02     8.623945128000000404e-03
   1.321008809000000055e-02    -1.463190958200000051e-02    -5.848779999000000042e-03
   7.881396160000000159e-04     2.397691901200000100e-02    -8.953331689999999765e-04
  -1.037933598899999990e-02    -1.504059517000000054e-02    -4.775296477999999879e-03
   4.775126539999999774e-03    -1.826934522599999930e-02    -3.248957340000000068e-04
  -1.303580408600000032e-02     1.721238968999999966e-03     3.579456889999999870e-04
  -9.223918863000000676e-03    -2.542164606000000149e-03     6.287135707999999892e-03
  -3.350158023000000124e-03    -1.210844707999999973e-03     1.969710921000000087e-02
   8.579504287000000104e-03    -1.318873755899999979e-02    -3.692727147000000095e-03
   4.095929683000000196e-03    -5.201939402000000170e-03    -4.088586665999999897e-03
   1.032261401999999941e-03    -9.414621859999999787e-03    -1.249016552000000065e-02
  -1.802709755700000055e-02     6.297337755000000092e-03    -2.078267252400000167e-02
  -4.689259504999999592e-03     4.007925118000000252e-03    -1.945504827200000147e-02
  -5.147610355999999825e-03    -2.315980926599999976e-02    -5.772959246000000134e-03
   2.800962242000000057e-03     4.210391910000000010e-04     6.753404836000000307e-03
   9.026838399000000276e-03    -3.246358026999999861e-03    -3.309538587000000146e-03
  -3.542339145199999845e-02    -4.444528252999999964e-03     6.874092606000000230e-03
   2.492934552999999994e-03    -3.041799419300000168e-02     9.006920384000000057e-03
   1.255168833699999917e-02    -5.537217980000000298e-04    -3.752174133999999946e-03
   8.285834480000000418e-03     3.708192610000000076e-03    -5.193278762999999944e-03
  -8.273427971000000755e-03     7.227903917999999733e-03    -1.047071369600000024e-02
   9.859328599999999873e-03     5.198386723000000299e-03    -4.672320855999999821e-03
  -1.123582660000000105e-03     1.486364588000000037e-03     1.341823670700000026e-02
   1.075733282799999982e-02    -2.084471833000000208e-03    -1.557828418899999921e-02
  -6.574209872999999676e-03     7.456933328000000215e-03    -6.199883883999999720e-03
   6.035318555999999966e-03    -3.578501909999999824e-03     6.397391942000000241e-03
  -1.896886214999999980e-03    -1.807289854999999954e-03     6.053907116000000269e-03
  -1.054703327700000012e-02    -1.011237387600000086e-02     9.223774853999999745e-03
  -5.085163624999999854e-03    -5.216377686000000201e-03    -1.550115078299999991e-02
   3.897625390000000007e-04    -3.962695500999999752e-03    -9.659917679999999954e-04
   1.048088133099999916e-02     9.973406201000000262e-03    -1.336534624099999964e-02
  -4.472092411000000087e-03     9.137032494000000421e-03    -5.495352214000000235e-03
   5.963619907000000143e-03     4.987589179999999886e-04     1.319961400500000055e-02
   6.210221650000000149e-03    -2.316864256999999917e-03    -6.693958420000000343e-04
  -1.681529136399999985e-02    -4.875300673000000293e-03     6.326247349000000027e-03
   1.247718762900000035e-02     7.859498891999999390e-03     1.280800173700000037e-02
   2.395690904000000090e-03    -7.124440501999999842e-03     1.005176125999999916e-03
  -1.213907549999999934e-03    -3.728362126000000186e-03    -2.919092707699999859e-02
   1.300868631000000027e-03     4.621153860000000273e-03    -1.159364076000000097e-03
   4.867201607999999992e-03    -2.809464954999999885e-03    -1.380892536999999906e-03
  -9.917925971000000201e-03     2.023671276000000088e-03    -7.245555620000000002e-03
   1.142929459299999936e-02    -2.229419329999999828e-03     6.406843823000000354e-03
   6.929310783000000064e-03     6.412691128000000233e-03     4.474421127999999616e-03
   6.229178842000000250e-03    -3.230156314000000133e-03    -5.828265616000000149e-03
  -3.710235299200000114e-02     4.817408435999999579e-03     2.339561045899999844e-02
   3.194615665400000332e-02    -5.787802512000000434e-03    -2.203940226200000116e-02
  -3.948736694999999824e-03    -1.695958406999999906e-03    -1.117128484000000019e-03
  -7.411644087999999866e-03     5.404805119999999893e-03     4.695169580800000186e-02
  -3.580615357999999970e-03     5.479395645999999773e-03    -5.650206640000000110e-04
  -1.014586551899999967e-02    -1.217709781499999935e-02    -3.528491558900000158e-02
  -9.859434085000000347e-03     1.604147773599999896e-02     2.597559243400000134e-02
   8.592553423999999343e-03    -5.040752820000000533e-04     9.666715930000000173e-04
   6.078391885000000196e-03    -9.391515996999999505e-03    -1.986995097399999952e-02
   5.220221763400000048e-02     4.077530140000000091e-04    -2.105708360199999921e-02
   2.405296262000000164e-03    -3.591514092000000144e-03     2.835527398000000157e-03
  -5.008940723000000067e-02    -5.900710509000000117e-03     4.711216629000000364e-03
  -3.291470195999999983e-03     6.193889339999999674e-03     5.903471289999999904e-04
  -2.160510480299999980e-02     6.071976350000000099e-03     9.670129039000000676e-03
   1.072618380099999921e-02    -2.118584064600000094e-02    -5.586263586399999731e-02
   1.073782408900000006e-02     1.977916134399999859e-02     3.262260151199999902e-02
   1.811289700200000019e-02     2.739337480699999966e-02     4.517560284299999840e-02
  -4.792515959199999953e-02    -2.576534264199999841e-02    -1.614521447100000090e-02
  -1.261266335199999998e-02     4.386817198000000396e-03     8.890520269999999852e-04
   1.894918030599999914e-02     5.132797724000000283e-03     8.171700351000000390e-03
   1.950393920500000100e-02     9.876464980999999713e-03     6.983212844999999586e-03
   6.554583164000000323e-03    -3.161107922200000198e-02    -2.356069977499999912e-02
   2.001815839999999784e-03     1.929328792799999900e-02     1.037115601299999981e-02
  -1.052621716199999939e-02     1.114680841999999943e-03     8.457944000000000226e-03
  -8.424808985000000611e-03    -1.127848277000000066e-02    -1.450129414599999993e-02
  -3.193726220000000127e-04    -2.699685938000000000e-03     1.120590420000000005e-04
   1.639227466000000091e-02    -2.361869068900000063e-02    -5.432349379000000165e-03
   3.815816265900000281e-02     1.285171562700000020e-02    -1.751355530500000104e-02
  -6.944688364999999919e-03     6.526748740000000264e-03     1.184769642000000050e-03
   1.468861503000000067e-03     2.162660777800000031e-02     5.468472343000000194e-03
  -6.208855729000000226e-03    -5.079740560000000054e-04     1.213263058000000000e-03
  -3.692752759299999799e-02    -2.929231202999999992e-02     6.241626755999999700e-03
   1.420626316200000044e-02    -2.616785141199999901e-02     1.427621066999999917e-02
   6.786768975000000322e-03    -1.669529741599999964e-02     7.804417323999999698e-03
  -2.403678715199999982e-02     3.416129034999999814e-02    -3.074494618299999926e-02
   3.203221703200000159e-02     1.005961222000000075e-03     1.253474100500000070e-02
  -1.073143705499999927e-02     5.380427730000000245e-04    -3.030799863999999837e-03
  -1.398667387700000021e-02     1.202949774700000016e-02    -1.958860300999999866e-03
   1.840077830000000012e-03     4.089687804999999655e-03    -9.221922870000000012e-04
   1.722732824999999995e-02     1.216023530199999980e-02    -2.559957664999999803e-03
  -4.533900414400000162e-02    -3.035936420600000157e-02     8.134471988000000278e-03
   1.423192143300000025e-02     1.811075539500000067e-02    -8.562676215000000410e-03
  -3.798789117999999861e-03     1.104951260800000022e-02    -3.316993813000000072e-03
   3.143136663999999882e-03     1.478244493499999979e-02     9.637787923999999867e-03
  -1.310493168000000010e-03    -8.838586812999999626e-03     2.004970866000000025e-03
   3.218115944500000297e-02     7.694947411000000251e-03     2.103972373000000205e-03
   2.174154590000000001e-04    -1.786583236999999928e-03     5.103259999999999654e-06
   1.535075596000000028e-02    -2.524969910699999959e-02     2.224186439399999937e-02
  -3.069241097599999940e-02     7.869375249999999503e-03    -1.885471156500000134e-02
   5.470516871000000343e-03     4.835857544000000258e-03     8.948891457999999521e-03
   6.563938348000000408e-03    -5.523539180000000201e-03     1.048078409999999910e-03
   6.533119679999999877e-04    -4.204682890999999860e-03    -1.942225092999999960e-03
  -7.765049767999999963e-03     3.218091149000000019e-03    -3.681916166100000082e-02
  -1.421892806299999978e-02     2.007507653999999944e-03    -2.001663738500000095e-02
   8.894603530000000109e-04     1.907091563999999996e-03    -1.940818566000000094e-03
  -1.219115585000000047e-03    -7.354518925999999762e-03     1.458442023300000022e-02
   3.628608445000000137e-03     3.428635889999999777e-04    -6.687709675000000353e-03
   1.167928675299999969e-02    -1.787434197999999931e-03     1.216419381399999958e-02
  -1.623528239000000123e-02     3.440902332700000038e-02     2.182715804700000040e-02
   2.389640958899999848e-02    -2.275539597199999903e-02     1.031625197199999983e-02
   2.422688207000000139e-03    -5.656159609999999527e-04     1.772238881400000146e-02
  -2.300327911000000017e-02     7.053092698999999764e-03     1.055954605800000015e-02
  -1.375009986999999913e-03     2.064277210999999803e-03     6.244892424999999754e-03
   5.871820069999999754e-04    -7.558734490000000540e-04    -1.649882509700000000e-02
   6.314279338999999845e-03    -6.453283263000000013e-03    -1.411082448300000035e-02
  -5.004411472000000125e-03     1.437593211600000052e-02     9.471011835999999795e-03
  -4.100878247100000346e-02     5.195128912000000071e-03    -2.636811394299999958e-02
   3.562076476699999744e-02    -2.380993624799999930e-02    -8.878487068000000607e-03
   1.171335682000000005e-03     1.615627305700000071e-02     2.454713445599999988e-02
   5.092549467999999899e-03    -9.419362739999999345e-03     1.545914120500000051e-02
   2.193173875000000057e-03     2.820909626000000017e-03     4.943739251000000244e-03
   8.188608081000000108e-03    -2.645722107300000139e-02    -3.433164288200000330e-02
   5.486417698999999752e-03    -4.835953815999999815e-03    -1.061272297699999978e-02
   2.318984771100000147e-02    -4.866889469000000405e-03     6.512102537399999669e-02
  -3.562571042399999971e-02     4.245384038100000201e-02    -6.806320556900000152e-02
  -1.296132636000000031e-03     2.502049741000000188e-03     1.913486996999999969e-03
  -5.755951042000000302e-03    -5.466492063999999623e-03     2.766429151399999939e-02
   8.155833791999999791e-03    -6.312395640000000420e-04     1.486160980000000029e-03
  -3.534717511100000237e-02    -5.827231136299999836e-02    -2.116917872899999956e-02
   2.162497927800000053e-02     7.946192080999999602e-03    -1.359620631200000006e-02
  -5.985958797000000275e-03     6.254399530000000380e-03    -2.272000064999999888e-03
   1.169578279200000036e-02     6.913220907700000362e-02     7.106638977999999753e-03
   1.331178993500000025e-02     4.902709790000000199e-03     3.629566114999999843e-03
  -2.425732503999999956e-02    -3.004779972000000063e-02     7.871398157600000001e-02
  -2.101670441899999853e-02    -2.081849821199999867e-02    -1.471290582999999937e-02
   7.274338428000000009e-03     1.503665326999999944e-03    -2.265846118999999964e-02
   2.940873948199999866e-02     2.349319314500000061e-02     2.965854367400000066e-02
  -2.358350305000000025e-03    -3.197785521000000297e-02    -2.521816000500000030e-02
  -9.965960309000000336e-03    -1.579625648000000096e-03    -6.380329459000000022e-03
   6.764575759999999667e-03     2.301555808800000158e-02    -1.371006714700000011e-02
   3.337586597999999804e-03     2.442285314999999811e-03     8.673800545000000597e-03
   4.348166195000000185e-03     1.440232280800000063e-02     1.008868409099999974e-02
   9.789093881000000830e-03    -1.889024119999999952e-03    -1.749851675300000131e-02
   1.682370141700000044e-02    -1.495820970999999985e-02    -8.464970335999999138e-03
  -2.928246485199999943e-02    -1.079238912999999980e-03    -8.776257469999999838e-03
  -7.683040537999999940e-03     1.755757180699999906e-02     2.469602589699999851e-02
  -8.886490030000000241e-04     2.599884237000000143e-03    -2.554934991999999964e-03
   2.779734242000000185e-03     9.154812240999999490e-03     1.108076002699999972e-02
  -5.945734717000000433e-03     4.965779852000000091e-03    -3.917437372000000424e-03
  -3.992941043099999809e-02    -8.341284595400000335e-02    -4.676366818100000100e-02
   1.190108375499999982e-02     5.537734452399999813e-02     2.866691966499999855e-02
  -1.919076762000000019e-03     4.362051742999999669e-03     1.598165147999999975e-03
   2.893924539500000032e-02    -2.411207326799999842e-02     1.710646680000000013e-03
  -6.777842820999999823e-03     4.251299949000000161e-03     3.961428799999999832e-05
   9.349889893999999146e-03     2.516447850700000155e-02    -5.194687709000000118e-03
   4.760168407000000060e-03    -1.553838313100000014e-02    -9.480889852999999784e-03
   4.589607659000000291e-03     7.082576379999999498e-04     1.553079192000000061e-03
   2.432228756400000094e-02    -9.106258372999999698e-03     9.655192389000000555e-03
   3.921264534000000294e-03    -3.715188401000000043e-03     5.092808142000000184e-03
  -3.893461828400000130e-02     1.942211660099999945e-02    -4.323109428999999913e-03
   2.254866517599999828e-02     3.918045563999999689e-03    -4.955914766999999603e-03
  -1.523863189699999933e-02     5.149037022999999880e-03    -5.836441476000000204e-03
   1.126437105499999980e-02    -2.249221000000000033e-03    -4.444855220999999711e-03
   2.120823461100000001e-02     1.765674294300000058e-02    -7.900763373000000561e-03
  -3.471255937000000073e-03    -5.597191980000000046e-03     1.972475493000000208e-03
   1.771237515999999831e-02    -2.924367740000000104e-02     1.457893945900000029e-02
  -1.165677825499999987e-02     5.180805032000000004e-03    -1.112756335000000081e-03
   1.311177798200000022e-02     1.500865555299999918e-02    -1.129435395999999966e-02
   2.727440119000000204e-03    -4.688616286000000209e-03    -2.394017613899999952e-02
   4.813718580000000101e-04    -2.354916517200000142e-02     2.562731242100000154e-02
  -1.560950285699999954e-02     4.276333173699999740e-02    -1.295656793300000061e-02
   3.449974501499999957e-02    -3.477759211700000297e-02     2.495436836200000050e-02
  -4.384969722000000431e-03    -5.056976046000000169e-03     1.470621360999999939e-03
  -2.638786988099999994e-02     2.146771762500000041e-02    -2.359461824099999896e-02
  -1.465331627999999931e-03     3.477869472000000035e-03     1.681684852999999974e-03
   1.356732788899999917e-02     2.254477356799999832e-02     1.035410164299999970e-02
  -3.445020925899999753e-02    -4.664686016000000289e-03     8.389225740000000667e-03
  -3.393197409999999803e-03    -5.605489400000000121e-05    -5.692128355000000174e-03
   2.875744526599999934e-02    -1.889156897800000137e-02     1.009826876700000049e-02
   8.062360889999999666e-04     2.769512743000000082e-03    -1.417272359000000103e-03
   3.323792658999999861e-03    -3.547031795200000087e-02    -1.452770330999999908e-03
  -1.587445741000000077e-02     1.546047936799999946e-02     7.245894531000000166e-03
   1.258255821499999934e-02     2.220156760000000038e-03     1.030369388400000086e-02
  -1.853192436099999896e-02    -2.629696040000000217e-04     1.969352049999999969e-03
  -2.270077567000000022e-03     5.478199688999999852e-03    -4.548528256000000311e-03
  -2.797770565000000115e-03     1.713132195899999891e-02     2.001857589999999981e-04
   4.178398829999999987e-03    -3.621791953399999819e-02    -3.225763747399999770e-02
  -3.344081372999999861e-03     1.852240228799999916e-02     1.736359738999999902e-02
   9.168093081999999228e-03     8.969637981999999468e-03     7.080538295999999621e-03
  -3.364915051999999712e-02     2.518481717000000102e-03     4.041375001099999781e-02
  -8.761361150000000764e-03     1.979320099000000163e-03    -3.896186068999999991e-03
   4.630916649599999685e-02    -9.576213114999999193e-03    -4.422510909699999687e-02
   6.011975672000000048e-03    -7.082567936000000279e-03    -1.458115257999999899e-03
  -3.591724579999999983e-03    -1.931773563499999957e-02     5.433588139000000358e-03
   1.008132713799999962e-02     9.219212398000000211e-03    -1.301698125500000067e-02
  -1.113994071400000070e-02     2.299398905000000094e-03     9.007437073000000224e-03
   9.358783037999999707e-03     5.129866961000000003e-02     1.845684923999999991e-03
  -1.265050074999999902e-03     3.952247045000000132e-03    -1.206337466999999990e-02
  -5.573701006999999888e-03     1.040786350300000086e-02    -1.070561073599999961e-02
   2.381239637799999892e-02    -2.296174743900000065e-02     2.054323164900000165e-02
  -1.709247202999999949e-03    -8.820363519000000430e-03     5.829554005999999788e-03
  -2.524390948200000082e-02    -2.289432136000000076e-02    -2.136906967399999913e-02
  -2.255131912099999844e-02    -1.717322797400000142e-02     1.216618983699999969e-02
   1.310998287299999961e-02     1.346516382499999935e-02    -2.898431137999999806e-03
   3.853556385999999927e-03    -1.611230127500000095e-02     8.214395444999999726e-03
  -5.229748669999999483e-04    -5.468437050000000271e-03    -5.122186194999999581e-03
  -1.182105425800000081e-02    -3.032933258000000080e-03    -4.032523234500000331e-02
  -4.254081810999999630e-03    -1.227130866400000068e-02    -8.310922118999999192e-03
   6.277366389999999678e-03     6.788406466000000174e-03    -8.708723487999999596e-03
  -1.176425329599999937e-02     6.209055250000000085e-04    -1.918292969499999986e-02
  -4.080843849999999870e-03    -7.322027031999999921e-03    -3.059107187999999828e-03
   1.185827935800000052e-02     4.014537558799999989e-02     1.537057379000000097e-03
   1.030066697400000043e-02    -1.692042457499999888e-02    -9.715209049999999624e-03
  -6.227554574000000037e-03     1.989888499000000074e-02    -1.177061464999999956e-03
  -5.366784648999999886e-03     3.038101806999999894e-03     1.723968888900000163e-02
  -7.022212493999999659e-03    -6.111813013200000089e-02     2.520267906299999972e-02
   2.811574500000000231e-04     9.424608028999999568e-03    -5.295737416000000086e-03
   3.457238011100000064e-02     8.491679482899999742e-02     5.311570761099999871e-02
  -5.908482561999999980e-03    -9.065892133999999339e-03     1.553833427999999931e-03
  -2.585448295999999858e-03     7.121825368000000295e-03    -1.016438630000000018e-03
   6.369531595000000115e-03    -1.603850105899999948e-02     2.206370461799999835e-02
   2.407514923000000136e-03     2.173589810300000091e-02    -5.287047603999999769e-03
  -1.392072885399999946e-02    -2.173244075799999828e-02    -7.820546254200000380e-02
   2.105344375800000112e-02     1.676903956699999851e-02     1.367340291800000010e-02
  -7.636052804999999763e-03    -1.255759468000000037e-03     3.299537070000000110e-03
  -1.399281155700000077e-02    -3.076816669500000156e-02     1.677677650700000120e-02
   4.745204985999999792e-03     3.862452871000000149e-03     4.823416066999999807e-03
   5.364572502000000340e-03    -8.877811380000000209e-04    -1.708987917499999939e-02
  -2.070062144999999972e-03    -2.953221910000000065e-03    -5.554016426999999756e-03
  -9.360148949999999883e-04    -5.721459035000000214e-03     1.932474453999999918e-03
  -8.190473086000000721e-03     1.023709292799999948e-02     4.005174598999999835e-02
   6.162745076000000419e-03     1.010095479799999994e-02     3.524082202000000056e-03
   1.992448179700000155e-02     2.394194057399999867e-02    -3.864747451100000036e-02
  -2.494799873099999912e-02    -9.881193438000000773e-03     2.813852143699999836e-02
   1.111774482000000078e-03    -3.811813499000000008e-03     7.748133863000000385e-03
   6.409608463999999679e-03    -2.130704737999999845e-03    -7.265299898000000117e-03
  -3.608030548999999892e-03     1.485384983500000027e-02     2.543102971999999795e-03
   1.578202678899999836e-02     3.684006129000000004e-03    -2.756313807500000018e-02
   2.244692537100000107e-02     2.199476392500000071e-02     8.081525051000000223e-03
  -3.141454242800000018e-02    -8.906003786000000338e-03     1.630595194800000050e-02
   1.156360369500000068e-02    -2.256757012999999808e-03    -3.122507244899999992e-02
  -1.630258303300000100e-02     2.835809740999999974e-03     1.716110982200000010e-02
   2.658364070000000020e-03     3.800161294999999939e-03    -4.046219219999999759e-04
  -5.020095932999999767e-03    -2.921269123399999890e-02     2.329069947600000134e-02
  -2.031611727000000138e-03    -4.986519489000000235e-03    -2.613987791000000217e-03
   2.570403017000000116e-03     2.067633706000000099e-02     1.135551543899999960e-02
   6.675650963999999604e-03    -3.231803768199999899e-02    -1.520787391700000046e-02
  -1.558221473000000103e-03     3.652087409000000142e-03     2.732903870700000015e-02
  -2.601837813799999857e-02    -2.048287868599999936e-02    -3.488376137799999860e-02
   6.894747895999999571e-03     4.729084894300000091e-02     1.659444379700000111e-02
   3.104977104000000102e-03    -4.478743777000000238e-03    -5.294792238999999900e-03
   1.323416177099999945e-02    -5.200898186300000059e-02    -1.009334758599999930e-02
  -7.102801895000000060e-03    -2.727560410000000064e-03    -3.236639916000000165e-03
  -2.037035041999999893e-02     5.644855299200000204e-02     3.235449920399999929e-02
   6.692601151999999672e-03    -1.909154811400000026e-02    -9.092432076999999377e-03
  -1.274639556000000101e-03     5.490579435999999765e-03    -3.816285316000000028e-03
   1.709592107499999930e-02     2.038789218100000092e-02    -4.885156816999999645e-03
  -4.884127866000000269e-03    -1.861208370899999909e-02     1.625955379799999892e-02
   2.941995683899999853e-02    -8.732346622000000322e-03    -3.069951588800000006e-02
  -2.524111368200000066e-02     2.317346425800000109e-02     1.417979679600000001e-02
   9.221760508000000425e-03     7.349578339999999783e-04     6.144308813000000022e-03
   1.129891572699999978e-02    -2.313239299299999982e-02    -3.469161086000000210e-03
   2.547707689999999920e-04     1.618704472999999951e-03    -5.787827011999999681e-03
   1.000232262599999936e-02    -3.861604361000000110e-03    -1.793935270999999845e-02
  -4.833159639899999721e-02     3.039397637000000162e-03     4.074124550299999814e-02
   2.117067632800000154e-02    -7.787839904000000250e-03    -1.233460181100000039e-02
   9.128381217999999644e-03     3.615635585899999727e-02    -9.547252930000000399e-04
   1.277982519500000039e-02    -1.396492294800000082e-02     8.396804673000000246e-03
   1.220643451999999917e-03    -7.418490792000000111e-03    -2.854147721000000176e-03
  -2.901667811400000102e-02     7.351587276999999900e-03    -4.898809009000000027e-03
   7.981458389999999611e-03     6.941245718000000134e-03     9.398181052000000035e-03
  -2.313106756200000030e-02    -2.005708103000000166e-03     1.128794961699999995e-02
   4.674132670299999820e-02     2.363200529399999902e-02    -9.664966248999999968e-03
  -1.001947043100000038e-02    -6.867258194999999871e-03     1.330138121999999970e-03
  -4.149325773999999745e-02    -5.084422636600000045e-02     6.077375908299999935e-02
   1.371386960000000113e-04    -3.068129553000000127e-03    -3.523202071999999990e-02
   4.776788714000000310e-03     1.136087063400000041e-02     9.285792342999999241e-03
  -7.660829033000000378e-03    -2.213918431200000148e-02     3.917461611499999802e-02
   1.345045870000000001e-03     1.342460674800000087e-02     8.745070239999999662e-04
   1.073403032700000030e-02     4.633580858300000160e-02    -3.322338221599999836e-02
   8.163448632999999871e-03     7.718900566000000234e-03     5.805608612999999668e-02
  -9.810258902999999947e-03    -9.539527545999999456e-03    -6.797946749000000066e-03
   1.855126850799999894e-02     1.919669080499999958e-02    -9.866316346799999804e-02
   7.608338210000000108e-03    -1.253352552799999985e-02    -1.833124608999999947e-03
  -2.976990019200000115e-02    -6.143015207599999972e-02    -2.245336618899999859e-02
   3.893656017399999697e-02     2.833864130400000000e-02     5.990125032100000052e-02
   2.139323439999999809e-03     1.670539871999999950e-03     7.014678213999999898e-03
   4.530049080000000191e-04    -1.363709467700000011e-02    -2.126786379599999999e-02
  -6.311883084999999997e-03    -2.049379137999999927e-03     3.005770675999999957e-03
  -2.037515023700000108e-02     2.248413835600000105e-02    -2.688763488500000090e-02
   9.272017421999999634e-03    -5.130539641999999970e-03    -1.287483650500000076e-02
   1.364589361399999937e-02    -2.368254636200000166e-02     4.249526529799999702e-02
  -7.462356742000000355e-03     1.837499847200000161e-02    -1.731294546400000134e-02
   6.653857481000000247e-03     3.161575848999999879e-03     2.253006294300000101e-02
   3.776683430999999876e-03     2.258111878000000107e-03     5.011905840000000422e-04
  -2.039879050099999841e-02     1.727139549300000035e-02    -1.846631893599999866e-02
   3.270690295999999827e-03    -1.898802812000000007e-03    -3.822801758999999806e-03
  -1.363523551200000045e-02     1.505789055799999950e-02    -4.842574916000000340e-03
   5.527254205599999720e-02    -4.066987258600000127e-02    -5.777903457599999765e-02
  -1.805795058100000128e-02     1.964068655900000002e-02    -4.346205712999999873e-03
  -3.629477732900000114e-02     1.262692122599999925e-02    -8.544654607999999790e-03
  -1.763563224599999993e-02     2.066333755200000163e-02     6.622481661899999594e-02
  -1.944476469999999960e-03    -9.926155550999999841e-03     4.876551600000000305e-05
   1.537674970600000010e-02     2.323131222999999957e-03    -1.725509688300000052e-02
  -4.771168980000000206e-04    -1.562753091999999908e-03    -5.688848528999999876e-03
  -2.804846285500000105e-02    -1.036930171899999933e-02    -3.487979509999999950e-02
  -1.923775990699999952e-02     2.102338340300000108e-02     1.576128727800000032e-02
   5.021933963000000181e-03    -1.151856428400000083e-02    -7.145950756000000320e-03
   4.570935054200000319e-02    -2.099757190399999945e-02     1.727604524299999889e-02
   4.713416352000000115e-03     5.080410066999999780e-03    -3.757059807999999900e-03
   1.792686336400000149e-02    -6.061485317999999733e-03     4.638227865999999810e-02
   3.580968208999999944e-03     1.398981431399999933e-02    -4.653716227600000060e-02
   1.701019044000000053e-03    -4.582304346000000070e-03    -1.096393211999999997e-03
   2.668305548000000135e-03    -1.229813545700000031e-02     1.133042333499999915e-02
   1.418109335000000042e-03     4.289858375000000362e-03     2.182332528999999990e-03
   7.755313177000000384e-03    -1.437723761999999900e-03     3.809413153099999727e-02
  -1.628116057900000010e-02     3.049229723899999842e-02    -4.379908691000000340e-03
  -2.081101651000000132e-03    -1.421990587700000010e-02     1.668278321099999836e-02
   1.293471708699999931e-02    -3.673107534000000143e-03    -5.488968668000000252e-03
   1.719224804700000137e-02     1.690647522699999933e-02    -8.645564259999999725e-04
  -5.828692538000000353e-03    -1.172370627999999929e-02     1.371492000299999979e-02
  -3.104295259999999973e-02    -3.128418165000000205e-03    -4.554418388300000148e-02
   2.461941302000000137e-03    -6.008146879999999752e-03     4.802737609000000234e-03
   3.151140429000000211e-03     1.595319254899999969e-02     8.765454193000000310e-03
  -1.378537404700000066e-02    -3.083489652999999928e-02    -1.244743176599999966e-02
   4.533513846000000388e-03     7.811370362000000060e-03     3.943816016000000098e-03
   1.724401053299999889e-02     8.096110837999999366e-03    -2.261190085600000080e-02
  -1.978890227999999946e-02    -1.040057256100000022e-02    -4.725063203000000323e-03
   1.662726413000000089e-03     4.179237867999999710e-03    -6.615494323999999982e-03
   1.899825130300000081e-02     2.981286644000000121e-03     5.954153758399999968e-02
   3.168251900000000165e-04     2.238437494999999996e-03    -2.205832203000000075e-03
  -5.249450349999999765e-02     7.334391384000000201e-03     2.012280940700000159e-02
   5.872478716000000161e-03     6.652422275000000051e-03     4.760544548299999734e-02
   2.096426632999999831e-03     4.438056886999999610e-03     3.043102752999999813e-03
  -4.682888001000000064e-03    -1.387154182899999998e-02    -3.897755259699999669e-02
   9.045840411999999525e-03    -1.073861091000000026e-03     4.142573660000000053e-03
   4.350564068800000239e-02    -1.759984894599999836e-02    -5.261954020000000030e-03
  -1.158117492600000027e-02     1.394071422099999943e-02    -3.716835520999999670e-02
  -4.703124872999999914e-03    -6.371656126000000211e-03     7.377676455999999591e-03
   3.655163532399999943e-02    -2.631037490400000081e-02     1.447508638900000047e-02
  -1.103054664999999959e-03    -3.054252090999999992e-03    -4.651738503000000038e-03
  -1.791494705999999854e-02     2.618153159000000119e-02     9.617665056999999407e-03
   9.277437871999999475e-03     1.566145269099999959e-02     1.034465099199999988e-02
  -4.744980751999999802e-03    -5.562482353000000428e-03     1.193685176999999958e-02
  -8.546976620000000307e-04    -1.253911689500000065e-02    -1.408641930100000030e-02
  -7.880728549000000013e-03    -1.679911905600000102e-02    -2.912982928999999915e-02
  -4.435695851999999981e-03     4.327056184999999826e-03     3.284534322999999988e-03
  -1.360959443699999959e-02     2.134377387600000162e-02    -3.485925457399999955e-02
   9.536082979999999966e-04    -7.428512536000000423e-03     1.526580679799999923e-02
   4.102495616000000414e-03    -8.161734679000000672e-03    -2.283925299900000164e-02
  -7.228240034999999786e-03     1.168990274800000076e-02     2.474318284999999992e-02
   1.212151113699999963e-02     1.222699116800000062e-02     2.112077194100000013e-02
  -1.330282768099999915e-02    -1.372947881999999958e-03     9.243550940000000264e-04
  -2.204382700499999889e-02    -1.029654253700000056e-02    -3.312769233000000067e-03
  -1.132750376000000092e-03     2.362226683000000129e-03    -5.297433419999999886e-04
   5.372315322300000306e-02     5.807257641000000171e-03    -1.591736358299999932e-02
  -4.512012840000000254e-03    -2.442999156000000196e-03     4.277302474999999590e-03
  -9.489485937000000787e-03     1.241779031700000063e-02     2.766511741900000085e-02
  -3.144375395500000059e-02     7.455731065000000338e-03     1.184781047000000014e-03
   7.927380696000000185e-03    -1.513793657200000059e-02    -1.769137419099999983e-02
  -6.382471923999999582e-03     9.449512560000000337e-04    -1.253037764000000014e-03
   9.797288674999999822e-03    -1.790861859600000050e-02    -2.890765659899999923e-02
  -4.291964855999999724e-03    -3.320216890000000096e-04    -3.645846457999999801e-03
   1.858983465999999862e-02     2.192509867800000040e-02     1.858637567999999948e-02
   2.848653148999999874e-03    -4.177551629999999919e-03     5.480050019999999468e-04
  -2.810133352599999967e-02    -9.638047321999999861e-03     1.842575554100000026e-02
   1.248119599999999996e-03     6.573028166000000061e-03    -1.154584923000000034e-02
   7.211254256999999682e-03    -5.228026949999999874e-03    -2.348943339999999980e-03
  -1.283641016700000012e-02     1.345331360000000037e-03    -1.520834113999999966e-02
   1.197620723899999948e-02     4.760484062999999905e-03    -6.773675847000000354e-03
   1.851003031699999940e-02    -2.218512122000000121e-03     1.842603103999999881e-02
   7.463563500000000323e-05     5.203128389000000187e-03    -7.172290920999999791e-03
  -4.048068679200000214e-02    -3.244734783199999806e-02     3.621692804699999657e-02
   1.856568791200000068e-02     2.344144159599999971e-02    -3.264590360700000277e-02
   4.931026552799999685e-02    -9.026480681999999797e-03     1.221170737299999941e-02
  -4.537699531000000119e-02    -5.982989125000000123e-03    -6.018576904999999727e-03
  -6.694140355999999778e-03     6.641934845000000039e-03    -1.334696230999999960e-03
   3.374727792999999976e-02     1.139519249999999974e-04     2.549174990999999914e-03
   8.227414755000000621e-03     1.835222038999999913e-03     1.812540118000000033e-03
   5.002978297099999749e-02     1.485502808199999983e-02    -5.614692861500000104e-02
  -4.106365174900000053e-02    -1.312693123999999914e-03     5.730875016200000227e-02
   8.120641070000000211e-03     3.257015257000000098e-03    -9.481233542000000805e-03
   5.084565689000000374e-03     2.659980588999999972e-03     1.986481118999999969e-03
  -2.695062713999999988e-03     1.906486466099999860e-02    -1.597603566799999861e-02
   5.787771778999999638e-03    -1.920363817000000006e-03     1.679105390999999919e-03
  -4.915252977999999724e-03    -1.670133676999999844e-02     6.075525039000000301e-03
   5.490467855000000230e-03    -4.610823047000000251e-03    -4.137024922000000215e-03
  -2.388748589399999900e-02     1.108522751500000056e-02    -1.435825940500000050e-02
  -2.686996137999999971e-03    -2.526199960999999869e-02     2.047939595299999929e-02
  -1.740456609999999928e-04     2.607911870000000076e-03     3.180484034000000213e-03
  -3.860517432999999946e-03    -3.511689839999999809e-04    -2.529332358999999888e-03
  -1.468740146499999955e-02    -8.921500622999999422e-03    -1.678580752000000120e-02
  -1.003968995600000060e-02     9.920776815000000720e-03     2.047118572799999994e-02
   9.645256180999999332e-03    -1.650684713499999887e-02    -3.935603420000000248e-03
  -2.556535758700000105e-02     3.957675059000000106e-02     1.570624990700000140e-02
   1.560614425599999959e-02    -2.446312387199999980e-02    -2.035070358500000107e-02
  -3.969427669999999798e-04    -1.930149006999999899e-03     1.615172752100000123e-02
   6.536657369999999793e-04    -1.071032310800000033e-02    -1.404822237500000064e-02
   9.588135439999999777e-04     5.233806677000000032e-03     7.539230864999999643e-03
   6.793886548999999823e-03    -1.589958418999999970e-02     2.084983985400000114e-02
  -2.755938350000000214e-03     4.170600570000000326e-03    -7.689459303999999704e-03
   5.258661637999999597e-03    -1.223427937999999960e-03    -1.774756741600000062e-02
  -2.344915667900000084e-02    -9.861103099999999570e-04    -7.691144226999999979e-03
   1.219133695700000061e-02     5.982023050999999737e-03     7.806848255000000195e-03
  -4.240280427000000379e-03     3.875856280000000188e-03    -8.610964089999999889e-04
   1.194826799099999934e-02     8.220764698000000009e-03     8.334121095999999507e-03
  -3.550065280000000000e-04    -3.236052699999999674e-05     4.521362091999999756e-03
   6.444070640000000138e-04     2.038738753300000164e-02    -1.163284355000000075e-02
   4.115064699999999680e-03    -1.439062375000000086e-03    -4.497195160999999629e-03
  -1.679293011599999885e-02    -6.598711250000000028e-03     1.237155415000000059e-03
   4.445935463000000136e-03    -9.589713387999999894e-03     1.096810895399999951e-02
   1.736581249999999930e-03    -6.881325857000000247e-03     7.530277596000000372e-03
  -5.789641106000000328e-03     1.995500557700000122e-02     2.407603676600000159e-02
   8.145215588000000173e-03     7.759758727999999973e-03    -2.638602260599999874e-02
   7.678190390000000495e-04    -1.571579767099999872e-02    -1.430375700699999982e-02
   7.148721079999999922e-03     9.637998542999999183e-03     2.167021661800000096e-02
  -1.649590757499999963e-02    -1.309092539800000080e-02    -2.658688211100000004e-02
   1.444074370000000091e-03     1.407872169400000047e-02     8.203308124999999368e-03
   1.817456330900000042e-02     3.623880699000000139e-03     3.986030435000000212e-03
   9.203778815000000779e-03     6.606977517000000091e-03     9.680952119000000439e-03
  -2.246278221999999970e-03    -3.434513291999999850e-03     6.335994036999999593e-03
  -5.892495024999999664e-03    -1.233728983800000054e-02    -1.240113874799999953e-02
  -3.015886674000000083e-03     8.969829800000000400e-04     5.708509231999999572e-03
   2.952875594999999995e-03    -2.919435761000000167e-03    -2.008767522500000055e-02
   2.847933677999999868e-03    -2.199307058700000067e-02     6.149777569999999608e-04
  -1.628490326000000057e-02     4.345041110999999998e-03    -6.826825966999999946e-03
   3.847874858999999863e-03     8.386873970000000011e-04    -2.285282936000000188e-03
   1.008337867999999993e-03     1.012166034699999925e-02     3.072713402399999960e-02
  -2.028112884999999817e-03     3.398237623999999808e-03     1.218345209500000005e-02
  -3.318615012999999968e-03     1.103167192399999962e-02    -2.062250422899999935e-02
   8.926998700000000463e-04    -6.325543649999999666e-04    -1.422561456000000051e-03
   6.878377200000000040e-05    -4.824848922200000029e-02    -4.412950529000000260e-02
  -3.152589419999999860e-04     3.421761902599999849e-02     4.218527967499999948e-02
  -3.091089002999999977e-03     1.548632745999999928e-03     2.154814842999999789e-03
   2.459951982199999956e-02    -6.880646560000000392e-04     5.648807305999999778e-02
  -5.158405292000000156e-03    -2.072053630999999996e-03    -3.915698981099999948e-02
  -8.652070779999999905e-03     7.237007313999999775e-03    -2.108574301600000048e-02
  -5.476350536000000081e-03    -2.002592782999999994e-03     3.828796409999999859e-03
   5.420601433999999719e-03     2.274381586000000059e-03    -1.260023893000000034e-02
   6.649758256999999811e-03     1.245404370000000125e-04     2.101866437999999962e-03
   1.945693130000000076e-02    -9.554491571000000780e-03     2.504679554899999841e-02
  -1.960551286700000159e-02     1.383054356900000059e-02    -5.162969224899999904e-02
   7.556459950000000286e-03    -8.503716240000000481e-03     6.463782157999999750e-03
  -1.011244197900000065e-02     1.298836416699999941e-02     2.596001939100000058e-02
   6.814462385999999622e-03    -4.693759668999999968e-03    -4.759454992999999703e-03
   4.056738232999999860e-02    -1.100581145600000067e-02    -5.011153754000000418e-03
  -2.791879561000000162e-02     9.212879893000000542e-03     4.668854639999999888e-04
  -2.851989238600000087e-02     1.770320630000000008e-03     2.952022329999999875e-03
   8.525216517000000493e-03    -2.653009098000000052e-03    -2.677886015999999918e-03
  -6.688986381599999753e-02     4.552903244999999960e-03    -1.537839270599999919e-02
  -3.078963012000000051e-03    -5.493004903000000411e-03    -3.852529620000000061e-03
   6.555167133299999449e-02    -3.526509238000000070e-03     2.028798344699999853e-02
  -1.428466230999999925e-03     1.932410969000000105e-03    -7.546847266000000429e-03
   5.708328411000000019e-03     1.172429942499999926e-02    -1.205430847299999997e-02
  -8.865758884999999992e-03    -7.519044210000000146e-04     2.006255306100000052e-02
  -3.264950801999999801e-03     5.065006740000000231e-04     3.611538649999999754e-04
  -8.571794682999999207e-03     1.024882906000000073e-02     7.647916148800000535e-02
   1.874386502599999921e-02    -1.354187866600000019e-02    -2.730158666999999914e-02
  -1.094636145400000073e-02    -8.765031334999999479e-03    -4.096045345499999685e-02
  -3.896763411999999791e-03     9.635036380000000468e-04    -5.191397369000000199e-03
   2.051504831299999845e-02     8.623639634000000720e-03     7.038242458999999576e-03
   6.949251227999999996e-03     1.495318210000000012e-04     3.232250253000000170e-03
   8.298141595999999551e-03    -4.724179357000000100e-03     7.408155016999999967e-03
   1.701405700199999996e-02     2.857806613000000214e-03    -3.038804403600000106e-02
  -8.411383923000000790e-03    -8.360693640000000032e-04     3.050875654000000190e-03
  -1.581189680799999914e-02     1.485230634600000037e-02     6.895723912999999691e-03
   1.722034615000000036e-03    -8.326915295999999522e-03     3.594236808000000026e-03
  -1.785467537899999846e-02    -1.244773257500000029e-02     2.844119661099999904e-02
  -3.131887878999999736e-02     1.599576907799999878e-02    -2.553912240799999928e-02
   2.937681442000000115e-02    -1.180474159099999948e-02     2.052088707000000040e-02
  -3.281323666999999989e-03     9.926682069999999761e-04    -2.325251219999999956e-03
  -3.969511784600000120e-02     1.082009619100000007e-02     3.002526626999999816e-03
  -4.472892035999999870e-03    -2.377631256000000120e-03     1.070000446999999936e-03
   3.581848112899999742e-02    -1.396747456199999918e-02    -2.426381520299999983e-02
   1.436964705999999991e-03     4.976781898999999877e-03    -6.112468750000000497e-04
  -3.399921363700000171e-02    -1.037925496599999969e-02    -1.649213073199999949e-02
   3.861295620099999826e-02     1.218796610600000017e-02     1.655181661799999884e-02
  -2.947273677000000151e-03    -5.214910609999999849e-04    -1.938990503999999965e-03
  -1.372640709900000040e-02    -1.009282858000000059e-03     3.493892809299999763e-02
   2.496336987100000043e-02    -5.040352512999999798e-03     3.816902456999999964e-03
   1.432619222899999926e-02     3.755887090999999924e-03    -3.285334666999999848e-02
  -1.426796614700000070e-02     1.151235775800000041e-02    -3.381774477999999976e-03
  -8.888420620000000300e-03    -1.806408313000000066e-03    -1.474353916000000105e-03
   1.428159625699999997e-02    -5.380089420000000065e-04     4.964192473999999924e-03
  -4.306217780499999731e-02     2.214051761200000121e-02     2.027112156099999951e-02
  -3.601320090000000051e-04    -8.480125074000000387e-03    -2.083675846899999892e-02
   2.267523264999999830e-03     1.879065857999999900e-03     5.450034163999999647e-03
   2.692420943499999886e-02     3.925938117000000310e-03     8.282649121999999947e-03
   9.345105849999999891e-04     2.647491387999999831e-03    -3.216249717000000188e-03
  -3.290444430500000239e-02     1.461754772699999996e-02     1.183242295099999966e-02
   1.504670049000000074e-03    -6.150690254000000176e-03    -2.453678335999999894e-03
   6.471260987700000467e-02    -4.684481607499999672e-02    -2.043552789599999836e-02
   9.795131759999999455e-04     5.021796751999999843e-03    -9.255680110000000498e-04
  -2.064567298100000031e-02     2.633147451800000108e-02     1.498831307599999933e-02
  -9.232075259999999572e-04     2.396626048000000033e-03     3.082077773999999850e-03
   2.314516804999999788e-03    -5.647234913999999925e-03    -1.702946447699999963e-02
  -1.323587091000000054e-03     6.637919320000000177e-04     4.294948766000000230e-03
  -6.248915851999999917e-03     1.687269835099999837e-02     5.529281300999999704e-03
   2.493419013299999834e-02    -2.442347070600000072e-02    -1.008489165299999990e-02
  -1.092785447999999925e-03     6.619641873000000308e-03     2.837318980000000119e-03
  -7.955241467999999913e-03    -5.970954042000000371e-03     3.743454715999999967e-03
   1.084962521299999948e-02    -9.450898166999999878e-03    -9.045772944000000232e-03
  -7.573689595999999989e-03    -3.851504336999999906e-03     5.818526568000000412e-03
  -1.801891811999999917e-03     2.751655482999999791e-03     1.039583611999999897e-03
  -1.438468681599999917e-02     1.299553910900000039e-02     3.028899889999999849e-04
   1.731198604899999993e-02    -1.029533163600000051e-02    -5.079463781999999684e-03
   7.666345718000000357e-03     9.487093587999999647e-03    -3.282306964000000077e-03
   2.198277080700000025e-02    -8.041643009999999972e-04    -6.794808036999999690e-03
  -7.918815162999999838e-03     9.926047114000000754e-03     5.365234269999999764e-03
  -1.229826360799999956e-02    -2.401553175200000015e-02     1.015557888299999968e-02
  -1.785251657000000046e-03    -1.028982171000000084e-03    -5.154359673000000197e-03
   4.059095731299999787e-02     2.028837800200000013e-02     2.041875339999999958e-04
  -3.711636629999999905e-04     8.422805263000000472e-03    -2.238311592000000010e-03
  -1.497719327600000039e-02    -1.519756669300000029e-02     4.973864940000000297e-04
  -1.313641159999999952e-03    -3.473595009999999963e-04    -8.192065129999999591e-04
  -8.447352308999999185e-03     1.135801930000000055e-03     1.308618326999999928e-02
  -2.305217315000000072e-03    -4.121923995999999916e-03     1.434296085999999925e-03
   1.330917289999999963e-03    -1.244022937100000038e-02    -1.282087437800000056e-02
   5.096433903999999897e-03    -6.219605791000000321e-03    -1.516608427000000047e-03
   3.484184959999999938e-04     5.236825857800000289e-02     1.245943635599999939e-02
  -3.475715024599999869e-02    -8.288354088999999592e-03    -9.988415139999999928e-03
  -2.040866540000000132e-04    -2.203273343999999877e-03     2.935979473999999860e-03
  -1.526374671399999966e-02    -2.955556118199999943e-02    -8.214427010000000451e-04
  -5.065125265999999987e-03     5.868735330000000340e-03     8.920917965999999172e-03
   2.315185435500000111e-02    -7.421867709999999943e-04    -2.723346399999999889e-03
  -1.146810125300000080e-02    -3.293055089000000105e-03     3.161242958999999943e-03
  -7.187741668999999591e-03     2.729393344199999849e-02    -4.683321177000000432e-03
   2.271939787800000138e-02    -9.395727176000000583e-03    -1.085085030300000052e-02
  -4.262448390000000281e-02     9.492418896000000619e-03     2.540896543400000124e-02
   2.174156968499999995e-02    -2.156844901000000078e-03     8.049258736999999331e-03
  -4.799910779999999925e-04     6.756631160000000367e-04    -3.701733398000000164e-03
  -4.045667101799999693e-02     1.317534158700000083e-02    -3.976899160000000114e-03
  -1.350057733000000100e-03    -2.456583346999999945e-03     1.505879897999999996e-03
   1.067973489199999966e-02    -2.065278640399999949e-02    -1.495781252499999922e-02
   1.804680070699999847e-02    -4.253987784000000209e-03     1.848986971999999965e-03
   4.251434323999999688e-03    -1.093428823999999982e-03    -1.844246919199999876e-02
   7.118487231000000109e-03    -5.200480789999999826e-03     1.162845587000000064e-03
   1.057399689700000076e-02    -2.156660762099999948e-02    -8.494365523999999890e-03
  -3.537423499999999997e-04    -1.402812540000000037e-03     2.334419234999999832e-03
   7.689503404000000431e-03    -4.584693300000000003e-05     1.418457404699999952e-02
  -7.440083967999999714e-03    -7.253142183000000319e-03    -3.754906960000000088e-04
   1.057923986300000029e-02     2.243786303499999829e-02    -2.853705324999999786e-03
   5.908238716999999855e-03     1.445695957800000042e-02     2.126887281199999966e-02
   5.179172222000000096e-03    -4.702676204000000304e-03    -2.676071572999999797e-03
   1.835729606000000100e-03    -1.843441277799999847e-02    -9.924206320000000109e-03
   9.154781153000000546e-03     1.028349368699999974e-02     5.500115859999999898e-03
  -1.924815631599999938e-02    -3.251794178999999844e-03    -7.353363990999999857e-03
  -7.494879183000000000e-03     2.698073166799999992e-02     4.028356239999999881e-04
  -2.064757064600000053e-02    -1.779565212499999854e-02     1.671808613599999951e-02
   2.326266022900000049e-02     4.593421288999999588e-03    -3.221064135999999935e-03
  -3.168537924099999736e-02    -9.319054199999999644e-05    -2.084880825700000107e-02
   7.803344864000000269e-03    -1.623266914299999891e-02     1.463232295299999978e-02
  -4.699572303000000041e-03     9.915691452999999406e-03     2.032648370000000003e-04
  -1.184782567600000010e-02    -2.353436012299999977e-02    -9.775596355000000862e-03
  -2.663958405999999803e-03    -3.440445736999999966e-03     5.466366773999999790e-03
   2.491994650900000025e-02    -8.670332598999999987e-03    -1.395847304099999929e-02
  -1.832319783999999908e-03    -5.583876352000000098e-03     9.499829076999999691e-03
   1.849349700500000152e-02     1.429411258999999969e-02    -2.272310155999999852e-03
   2.548858930999999949e-03    -5.597626039999999701e-04     6.341223126000000362e-03
  -3.930608280000000114e-03     1.348561366099999999e-02    -1.428031289400000063e-02
   2.572151092000000017e-03     2.186425412000000176e-03     1.229284641000000016e-03
  -1.145862918199999983e-02    -1.302499114800000080e-02     1.284917711199999937e-02
  -7.163129986999999810e-03     5.991453146000000167e-03     1.843933002000000066e-03
   3.316612505100000052e-02    -2.315140033100000078e-02    -5.862241019999999726e-03
  -4.793948028000000021e-03     3.205340016000000208e-02     8.383044850000000159e-03
  -3.939119181999999747e-03    -9.206638190000000386e-04     3.927372919000000386e-03
  -2.089594841800000019e-02     3.498830980800000240e-02    -9.448061471000000072e-03
   2.144535468699999836e-02     8.641240605999999866e-03    -7.802991446000000393e-03
  -2.763309700000000056e-03    -2.188393036800000135e-02     1.007259463499999945e-02
   6.764657141999999741e-03     3.389929303099999819e-02    -1.499412049400000030e-02
  -7.024946659000000197e-03    -4.599322558700000285e-02     2.868121597899999861e-02
   3.794334831000000050e-03     1.640723191700000153e-02     2.770753198000000007e-03
   1.454300449000000064e-02    -1.572683280000000032e-04    -4.939317342499999902e-02
  -7.777426912999999865e-03     1.543339196099999949e-02     3.502376041500000065e-02
   7.502681900000000338e-05     1.192785366000000081e-03    -2.670965660999999932e-03
   6.289880700000000102e-03    -4.899542120000000174e-03     4.705691889999999607e-03
  -2.615229483999999965e-03    -2.832653080000000086e-04     1.280273489999999952e-03
  -1.692457482200000057e-02    -3.054187812500000140e-02     1.028259260300000075e-02
   3.269935456000000202e-03     3.757384347500000027e-02    -2.836166674599999854e-02
   9.106013858999999211e-03    -2.588554465000000165e-02     4.855415247099999915e-02
  -1.099991462999999961e-02     1.281912822000000037e-03     5.023993260000000514e-04
  -1.590302983000000010e-03    -3.725179260000000166e-03     4.961840042599999917e-02
   1.782662485999999972e-03    -7.157635539999999659e-04     6.099382892000000320e-03
  -1.136116720000000108e-03    -1.429984908499999999e-02    -7.366091207199999824e-02
   1.691806760999999904e-03     3.274898003000000033e-03    -7.260732869999999770e-04
  -9.304456699999999654e-05     4.340230141600000258e-02    -2.526626653800000122e-02
   4.925445573999999958e-03    -2.313595756599999900e-02     8.103733390999999855e-03
   5.281208923999999687e-03    -8.220613099999999696e-04    -3.382832064999999853e-03
  -1.465465548700000016e-02     1.574122784899999877e-02     4.267581056999999664e-03
   1.560703118299999921e-02    -1.614583404899999977e-02     2.277925572499999926e-02
  -1.601381271000000030e-03     2.272161253999999825e-03     1.325553290599999941e-02
  -1.402317066000000056e-02     1.618707193600000052e-02     1.679532866200000168e-02
   1.775236276800000110e-02    -3.009645251400000152e-02    -4.656837038999999887e-03
  -6.472985090999999747e-03     7.768583937000000071e-03     2.543818730999999889e-03
  -8.804335922000000592e-03    -9.029568736000000498e-03     1.921987134999999895e-03
   1.865045052599999947e-02    -5.323972146000000016e-03    -2.536197824900000147e-02
  -5.599923476999999969e-03     3.195375104999999879e-03    -7.947318210000000119e-03
  -7.492387780000000011e-03     2.291291051999999953e-02     2.991534251800000155e-02
   3.268616470000000086e-03    -1.118124299999999956e-04    -3.801731816999999805e-03
  -1.316987727000000063e-03    -1.952391908500000078e-02    -5.303295034999999658e-02
   5.000902564000000126e-03    -4.112985915999999714e-02    -3.835474531099999917e-02
  -1.086252315000000050e-03     9.521697609999999921e-04     1.530228128299999935e-02
   2.131933752999999945e-03    -1.328722725999999981e-03     1.869359488999999905e-03
   1.192689559999999963e-03     4.857879344999999766e-02     2.513935919999999921e-02
  -3.479538203999999954e-03     8.806507549999999847e-04    -9.302457260000000349e-04
   6.238026316000000286e-03     3.679946803000000172e-03     8.413728300999999757e-03
  -7.184479829999999845e-03     6.993769942000000080e-03    -7.929464997000000570e-03
   2.581640133999999961e-03    -6.629878629000000162e-03     4.459305339399999984e-02
  -5.164400072000000126e-03    -3.651483099000000111e-03     2.465341036299999872e-02
   2.273267729999999996e-04    -7.631142569999999938e-03    -7.265396791000000229e-03
  -1.976522796799999940e-02     2.864829071999999872e-03    -2.092788145399999966e-02
  -1.185415192599999917e-02    -1.589486221799999918e-02     1.299627520999999987e-02
   3.352363867400000308e-02     2.539898985199999862e-02    -1.262016798600000024e-02
   7.445143000000000217e-06     1.743788000000000024e-06    -6.243179999999999660e-07
   1.743785999999999969e-06     3.080329000000000133e-06    -2.584982999999999980e-06
  -6.243189999999999936e-07    -2.584992999999999833e-06    -1.298569999999999961e-06
  -2.813077100499999927e-02    -6.588736999000000330e-03     2.358925275000000200e-03
  -6.588731855000000068e-03    -1.163873338100000071e-02     9.767113800999999845e-03
   2.358928952999999815e-03     9.767150840999999292e-03     4.906523698999999683e-03
