616  S
C  H  O  Zn  
    1     4	  5.865757381400	  6.262748310110	  8.416809782800
    2     3	  7.218145068090	  7.214800649460	  7.327750677610
    3     4	  8.549827510910	  6.004879406740	  6.529006971060
    4     4	  6.258133082790	  8.293308230370	  5.860653274350
    5     4	  8.186990432310	  8.626307825950	  8.467588916620
    6     4	 -6.004653762050	 -6.268483086100	  8.383074960700
    7     3	 -7.387208803120	 -7.280475343100	  7.453763578590
    8     4	 -8.467844715620	 -5.992176023750	  6.354380054110
    9     4	 -6.321007341140	 -8.316554971090	  5.895894999620
   10     4	 -8.438971433020	 -8.322265435520	  8.650923906210
   11     4	 -5.974811090120	  6.566173426140	 -8.625908686700
   12     3	 -7.421040490790	  7.665767623560	 -7.485308270820
   13     4	 -8.652667648090	  6.219572239830	 -6.596130857670
   14     4	 -6.446552868800	  8.489905513300	 -6.037047402830
   15     4	 -8.607928867450	  8.795278450140	 -8.624213020960
   16     4	  6.050984780270	 -6.502594820870	 -8.192291050130
   17     3	  7.445066517460	 -7.559112750700	 -7.115733451760
   18     4	  8.716686934790	 -6.371704916530	 -6.184500597820
   19     4	  6.676660380440	 -8.852221520410	 -5.842968508990
   20     4	  8.549752015570	 -8.580884084160	 -8.570328144770
   21     4	  8.867870625730	 -9.149222750890	  6.728542294330
   22     3	  7.916313745670	 -7.888213808780	  7.925747422060
   23     4	  6.799303055210	 -8.957232871730	  9.283517283890
   24     4	  9.213332985180	 -6.872590906530	  9.100796283550
   25     4	  6.782048257690	 -6.761167485750	  6.764978464520
   26     4	 -9.221981617200	  9.021711026530	  6.508521158480
   27     3	 -8.061361221450	  7.691923373220	  7.667991943210
   28     4	 -6.849078216300	  8.980258270580	  8.749795660610
   29     4	 -9.146544399630	  6.741764390670	  8.944587905140
   30     4	 -6.919194311320	  6.579418467410	  6.463368571240
   31     4	 -8.710224878730	 -8.744208713640	 -6.831604534750
   32     3	 -7.691315913240	 -7.497013142690	 -7.851255735850
   33     4	 -6.656959424470	 -8.743463787940	 -9.222081399040
   34     4	 -9.111417049970	 -6.347421540350	 -8.862637251080
   35     4	 -6.368317022810	 -6.460777716910	 -6.784564805270
   36     4	  8.819417026160	  8.684210474160	 -6.655698350050
   37     3	  7.691939173900	  7.605178948450	 -7.942715735840
   38     4	  6.693612708700	  8.904768085100	 -9.122804372750
   39     4	  9.023154518310	  6.573042146100	 -9.066134490560
   40     4	  6.702640329780	  6.491355305830	 -6.752372129470
   41     3	-10.433395881510	  7.143478095740	 -6.380617024940
   42     1	-11.034059076320	  7.736387454160	 -7.286239778130
   43     3	-10.454080741250	  8.272586308110	 -8.297744306280
   44     1	-12.513134608970	  7.690767262710	 -7.356854843890
   45     1	-13.174197854530	  8.083198892770	 -8.543771259240
   46     2	-12.511142441460	  8.283923610100	 -9.387235010280
   47     1	-14.576151791760	  8.016318741640	 -8.692993884320
   48     2	-15.013800935850	  8.415289982130	 -9.610188890840
   49     1	-15.397705124710	  7.665293297970	 -7.567229139710
   50     1	-14.681057595700	  7.310174605930	 -6.348590878230
   51     2	-15.137155690110	  6.896927243130	 -5.446835562410
   52     1	-13.273423906100	  7.306289805430	 -6.261567810080
   53     2	-12.749783251000	  6.893537635430	 -5.397391842880
   54     1	 15.652355230770	  7.625759092640	 -7.588100966440
   55     1	 14.893381571400	  7.762662016530	 -6.398956489660
   56     2	 15.389100485890	  7.898865004060	 -5.435798658800
   57     1	 13.510656553530	  7.831455755430	 -6.457201408300
   58     2	 12.860396703920	  8.040345516120	 -5.605795997120
   59     1	 12.869230381300	  7.532796906410	 -7.673809851380
   60     1	 11.383190206820	  7.597230621390	 -7.775012842410
   61     3	 10.918975281650	  6.970338430610	 -8.776885794130
   62     3	 10.730042006710	  8.265510598270	 -6.913997435230
   63     1	 13.636100032010	  7.280652558120	 -8.831343050290
   64     2	 13.117607579320	  7.062687062580	 -9.766768411910
   65     1	 14.991309582350	  7.478588534510	 -8.763415204530
   66     2	 15.507764725980	  7.375057649410	 -9.719718997500
   67     3	 10.512021889340	 -7.056783252500	 -6.170794675660
   68     1	 11.129618643840	 -7.768334296940	 -7.053017401250
   69     3	 10.517345320680	 -8.237928237990	 -8.076972455070
   70     1	 12.571841895960	 -8.065796285480	 -6.838061541650
   71     1	 13.172043848450	 -9.102819077420	 -7.596232589720
   72     2	 12.492409784620	 -9.745739205860	 -8.158473857170
   73     1	 14.606252949340	 -9.226568905640	 -7.649411520570
   74     2	 15.214906655820	 -9.911887736130	 -8.242572772110
   75     1	 15.419397760870	 -8.211976477130	 -7.048471787750
   76     1	 14.787146524310	 -7.231050714720	 -6.205638300880
   77     2	 15.329250208440	 -6.531619695710	 -5.566199995380
   78     1	 13.420902463610	 -7.166668679780	 -6.105240130340
   79     2	 12.948806825330	 -6.379947788080	 -5.514004188980
   80     1	-15.659438219790	 -8.115056424400	 -7.342670514440
   81     1	-14.814295274860	 -9.237781627770	 -7.060576110640
   82     2	-15.263614349200	-10.178506349760	 -6.736368043220
   83     1	-13.443457498580	 -9.148702196150	 -7.108471888020
   84     2	-12.827653704550	 -9.995326709370	 -6.799640851040
   85     1	-12.891218778710	 -7.972394163130	 -7.644637557080
   86     1	-11.403594834230	 -7.964010602890	 -7.907465304860
   87     3	-10.917828430760	 -7.076478722910	 -8.696517429770
   88     3	-10.713568848580	 -8.803932201300	 -7.262128522620
   89     1	-13.632590223670	 -6.842453353210	 -7.795259607190
   90     2	-13.231584235880	 -5.926142509540	 -8.232217981930
   91     1	-15.048848960950	 -6.892347638090	 -7.602853713300
   92     2	-15.651784976980	 -5.982743032660	 -7.635243872480
   93     3	  6.211236166430	  6.855231863730	 10.241132120050
   94     1	  7.168509172860	  7.391893336450	 10.926798649700
   95     3	  8.121454941320	  8.109448989540	 10.384116604730
   96     1	  7.223154791070	  7.273508182060	 12.425037561910
   97     1	  8.444811885240	  7.452494257380	 13.106896223510
   98     2	  9.361575854330	  7.529817482890	 12.519589716000
   99     1	  8.508194162360	  7.178685473910	 14.461218287260
  100     2	  9.452853751150	  7.239665379760	 15.005149544840
  101     1	  7.304231575290	  6.893303916470	 15.136298073320
  102     1	  6.080510939030	  6.852982994160	 14.459858575790
  103     2	  5.182779687240	  6.652851384540	 15.048065530330
  104     1	  6.103721224280	  6.888115167190	 13.061746826830
  105     2	  5.157560711850	  6.828925660550	 12.520783907360
  106     1	  7.238426401030	  6.915382773920	-15.901678292960
  107     1	  8.291994877810	  6.336384629960	-15.121554939160
  108     2	  9.023291055040	  5.815721171700	-15.742905857240
  109     1	  8.360781622060	  6.485693095690	-13.768824544120
  110     2	  9.219878454180	  6.072448218080	-13.237274652300
  111     1	  7.420126637050	  7.212066427140	-13.024526001350
  112     1	  7.623509415060	  7.475098525640	-11.524320558090
  113     3	  6.864222668830	  8.289401840140	-10.908697277770
  114     3	  8.559528305860	  6.829452408080	-10.954631360580
  115     1	  6.247184469030	  7.740203017840	-13.803096298510
  116     2	  5.553360898950	  8.282421487800	-13.158137402350
  117     1	  6.225467016950	  7.573157557300	-15.211889601740
  118     2	  5.378580174600	  7.912300621630	-15.811661359330
  119     3	 -6.607077904640	  6.855571574270	-10.494760979240
  120     1	 -7.438195366140	  7.534662650220	-11.106057326520
  121     3	 -8.184350694130	  8.334192223200	-10.526764163710
  122     1	 -7.416651634830	  7.597836090020	-12.597027962150
  123     1	 -8.159019944390	  8.613522632330	-13.209465600320
  124     2	 -8.732805310680	  9.288007593120	-12.571339917480
  125     1	 -8.230509133680	  8.591602145920	-14.668435122460
  126     2	 -8.725684882990	  9.327435121700	-15.305076554580
  127     1	 -7.497651292250	  7.687368326030	-15.404825827480
  128     1	 -6.794299020280	  6.685736541390	-14.771341391250
  129     2	 -6.232437113490	  5.983493729680	-15.390314518670
  130     1	 -6.720942158820	  6.604057376390	-13.396756868000
  131     2	 -6.128288806550	  5.939361445620	-12.765642529330
  132     1	 -7.640605030390	  7.673629506950	 15.648705002830
  133     1	 -8.192009815280	  6.644032872110	 14.964159239950
  134     2	 -8.570490345290	  5.751339768440	 15.465968979820
  135     1	 -8.341319888120	  6.746492643740	 13.607317061400
  136     2	 -8.664640152170	  5.869337642900	 13.043910381720
  137     1	 -7.930844653060	  7.852969673210	 12.926018743680
  138     1	 -7.956638160500	  7.811280452790	 11.410425619890
  139     3	 -7.018175365770	  8.295386587990	 10.621932817550
  140     3	 -8.984092881830	  7.228842434530	 10.940907116870
  141     1	 -7.298250765100	  8.914535205570	 13.516269145730
  142     2	 -7.133426958290	  9.724958559750	 12.803941206610
  143     1	 -7.197186999820	  8.875763350820	 14.935509988540
  144     2	 -6.856966924250	  9.593357298070	 15.684690027780
  145     3	 10.428975316780	  6.625056435900	  6.525398798170
  146     1	 10.852887776710	  7.648878678140	  7.107498576880
  147     3	 10.116323742270	  8.556450216110	  7.689121434640
  148     1	 12.320752546870	  7.808593241980	  7.181800755210
  149     1	 12.950425182240	  8.841220737640	  7.952111129540
  150     2	 12.353967915740	  9.610151409650	  8.446427158040
  151     1	 14.326716465400	  8.906399583740	  8.002258837540
  152     2	 14.780466031340	  9.771512919470	  8.489754222630
  153     1	 15.161042114270	  7.940184160970	  7.331552796170
  154     1	 14.482534162230	  7.008236811500	  6.537676463410
  155     2	 15.067174749910	  6.297889858860	  5.949829464670
  156     1	 13.090902914130	  6.870811095990	  6.547257572360
  157     2	 12.663412038400	  6.127504809520	  5.871897455730
  158     1	-15.869667315720	  8.004807138600	  7.402589501010
  159     1	-15.147185544870	  9.217475884560	  7.201028469870
  160     2	-15.637506143440	 10.165967383490	  6.973188414220
  161     1	-13.747628752700	  9.259728945980	  7.401343385780
  162     2	-13.165336099020	 10.182571987130	  7.375653317680
  163     1	-13.050339883230	  8.092472231340	  7.586954199330
  164     1	-11.574349675540	  8.104343771140	  7.651622016120
  165     3	-11.031761711160	  7.115354341220	  8.254838629580
  166     3	-10.966934133200	  9.082156904000	  7.111219065250
  167     1	-13.745656810200	  6.881436045080	  7.807801585630
  168     2	-13.077918395080	  6.046188782990	  8.026551246260
  169     1	-15.147063436720	  6.847456291140	  7.756405847560
  170     2	-15.697982267800	  5.922628909220	  7.938461486270
  171     3	-10.231384756820	 -6.886038563200	  6.320381710830
  172     1	-10.845996910350	 -7.809623146500	  6.990741903250
  173     3	-10.337752786540	 -8.628106109120	  7.861440064310
  174     1	-12.384886349080	 -7.825828285780	  6.955201106420
  175     1	-13.018853740250	 -9.064401104390	  7.265672346490
  176     2	-12.500600511160	-10.006308462450	  7.454320456970
  177     1	-14.408153805970	 -9.068906905800	  7.146345722110
  178     2	-14.950096744290	-10.006275652540	  7.286342817070
  179     1	-15.222992836060	 -7.929084236950	  7.081045262620
  180     1	-14.590702563040	 -6.706588166890	  6.940598676770
  181     2	-15.254736928780	 -5.875637617290	  6.694547769240
  182     1	-13.125656437420	 -6.654976641580	  6.858407859830
  183     2	-12.666832240030	 -5.731423492030	  6.500785250960
  184     1	 15.835896046840	 -8.000914207880	  7.164885166460
  185     1	 14.917283768180	 -8.894172308270	  6.506612619070
  186     2	 15.359222635570	 -9.797011666500	  6.080546146270
  187     1	 13.538304030350	 -8.679730947550	  6.551977981290
  188     2	 12.814082060280	 -9.128234946650	  5.869547989170
  189     1	 13.019886674340	 -7.655514924720	  7.386303082760
  190     1	 11.533122119970	 -7.736239553390	  7.594281787130
  191     3	 11.061781746220	 -7.020683773930	  8.544954530630
  192     3	 10.861277731960	 -8.479143933120	  6.817068093300
  193     1	 13.889106814760	 -6.855672971730	  8.214379519070
  194     2	 13.463971789220	 -6.050396539630	  8.816171897970
  195     1	 15.251509823360	 -6.954705527490	  7.892738332630
  196     2	 16.006082754360	 -6.340249877430	  8.387738782660
  197     3	 -6.421466485560	-10.200359736900	  6.377909804410
  198     1	 -7.057432319440	-10.774409005540	  7.381950155720
  199     3	 -7.665542610660	-10.110653883830	  8.321320622570
  200     1	 -7.025825055370	-12.246602482260	  7.472225871270
  201     1	 -7.610285822580	-12.903458561130	  8.560901715840
  202     2	 -7.966171084620	-12.244942808370	  9.355298773730
  203     1	 -7.627726354310	-14.303106975230	  8.732946327690
  204     2	 -8.159369878690	-14.764632425910	  9.567398806540
  205     1	 -7.473263018700	-15.116793214390	  7.541923085020
  206     1	 -6.995699219350	-14.441547499890	  6.407546866650
  207     2	 -6.584094350350	-15.046420613570	  5.597194184800
  208     1	 -6.683056465570	-13.103892024520	  6.400009592020
  209     2	 -6.181853657590	-12.609182940430	  5.566089541330
  210     1	 -7.531684738730	 15.970757547160	  7.564256332350
  211     1	 -7.193134054360	 15.187375974260	  8.703084333630
  212     2	 -6.729643968490	 15.726368407680	  9.531713080670
  213     1	 -7.347396472580	 13.786473084950	  8.693592182380
  214     2	 -7.069226782610	 13.147645049280	  9.533761425930
  215     1	 -7.600913466400	 13.106573983370	  7.514601198270
  216     1	 -7.822054349950	 11.579150548110	  7.601928875700
  217     3	 -8.485891228990	 11.056937724250	  6.660812469170
  218     3	 -7.373766122080	 10.927760921270	  8.636625721290
  219     1	 -7.849432144120	 13.843597118730	  6.373100376490
  220     2	 -8.017498677510	 13.334290733290	  5.422456054330
  221     1	 -7.758089543280	 15.256278724710	  6.394590847550
  222     2	 -8.158584920170	 15.708527852320	  5.485175826930
  223     3	 -6.951000859960	 10.545129832500	 -6.354999380470
  224     1	 -7.389876813890	 11.135001680340	 -7.354305710580
  225     3	 -7.926348824740	 10.601686486920	 -8.439867626470
  226     1	 -7.427540486160	 12.609315358620	 -7.465175394530
  227     1	 -7.729537579660	 13.262794902950	 -8.709086193770
  228     2	 -7.987321380720	 12.556102251540	 -9.499969878130
  229     1	 -7.847470975500	 14.658682032860	 -8.747671768750
  230     2	 -8.024803257730	 15.123157477640	 -9.719668335520
  231     1	 -7.568403732590	 15.469430483560	 -7.667744447520
  232     1	 -7.385917024120	 14.803161075160	 -6.385734499430
  233     2	 -7.230350821940	 15.344538123180	 -5.450495731730
  234     1	 -7.311788094920	 13.440132638620	 -6.303734766310
  235     2	 -6.986233604670	 13.021848661850	 -5.349577139760
  236     1	 -7.663090618140	-15.566755210090	 -7.725443200760
  237     1	 -6.909859412000	-14.883828548330	 -8.708674481380
  238     2	 -6.291105656340	-15.538565187120	 -9.325460690470
  239     1	 -6.851406555820	-13.477757390950	 -8.818879121070
  240     2	 -6.327800072260	-12.764062398710	 -9.457502408360
  241     1	 -7.566032947160	-12.779546981700	 -7.787602943000
  242     1	 -7.625024317110	-11.247900063910	 -7.855589367240
  243     3	 -8.489429887070	-10.686389394860	 -7.069880722460
  244     3	 -6.995758631380	-10.690620110500	 -8.915924134950
  245     1	 -8.239468213950	-13.461892833710	 -6.712984573830
  246     2	 -8.729069330370	-12.833514829740	 -5.966797048370
  247     1	 -8.256795618410	-14.858510362800	 -6.678010264420
  248     2	 -8.797336902600	-15.383464831340	 -5.887947341990
  249     3	  6.671634002620	 10.256856878150	  6.330247360650
  250     1	  7.015931980010	 10.884289221210	  7.389051408030
  251     3	  7.266591506090	 10.352579870480	  8.551261901340
  252     1	  6.990382580690	 12.433187662050	  7.302744503980
  253     1	  7.256848529380	 13.111433797930	  8.514273894630
  254     2	  7.466313763700	 12.596795411680	  9.453760787880
  255     1	  7.276017861760	 14.460715256100	  8.585504026740
  256     2	  7.292194326890	 14.998926389120	  9.535255889280
  257     1	  7.033177453080	 15.300432314340	  7.446381682630
  258     1	  6.983368055590	 14.593413437950	  6.229605724130
  259     2	  7.050495863000	 15.095362830790	  5.262392111140
  260     1	  6.931037670740	 13.139190250270	  6.152069436550
  261     2	  6.700752091940	 12.462242867590	  5.327402962090
  262     1	  7.190538669750	-15.778592761910	  7.532434216150
  263     1	  6.458111386710	-15.007798778470	  8.493641026260
  264     2	  5.922783225140	-15.495553354640	  9.310635966970
  265     1	  6.641480585450	-13.674474374100	  8.623155110070
  266     2	  6.005908854440	-12.991626219850	  9.189839294960
  267     1	  7.632239804900	-12.986258646370	  7.910000472440
  268     1	  7.777252469250	-11.480802798220	  8.108723994560
  269     3	  8.833520989800	-11.003995229390	  7.547577027960
  270     3	  6.927397714610	-10.741839181300	  8.780083235830
  271     1	  8.445199448550	-13.725402280840	  7.081708986590
  272     2	  9.236685742620	-13.206001079110	  6.538444951270
  273     1	  8.132640662990	-15.024097138080	  6.775425629880
  274     2	  8.877837502730	-15.623613540540	  6.248905685940
  275     3	  6.960608659150	-10.745561342400	 -6.250779649510
  276     1	  7.714804164420	-11.209112014490	 -7.239821539610
  277     3	  8.168304957240	-10.541840988990	 -8.206369733450
  278     1	  7.630074446890	-12.697511550910	 -7.329958858920
  279     1	  8.151384660250	-13.280433632030	 -8.533212362390
  280     2	  8.593924525170	-12.601152773980	 -9.264033803110
  281     1	  8.289694872200	-14.685737379420	 -8.545953381580
  282     2	  8.715851132940	-15.049604121160	 -9.482945022150
  283     1	  7.960807541820	-15.460677715960	 -7.465595206380
  284     1	  7.617827624170	-14.893677170670	 -6.236674611400
  285     2	  7.280146899760	-15.493965795580	 -5.389569659620
  286     1	  7.531838050510	-13.514396553880	 -6.235945841770
  287     2	  7.368367008760	-13.178416639760	 -5.210392962930
  288     1	  7.872127020740	 15.565194804380	 -7.531843558410
  289     1	  7.243592328670	 14.960453184440	 -8.562297961010
  290     2	  6.772696204800	 15.658753082260	 -9.256988969250
  291     1	  7.222959538640	 13.522236344910	 -8.746317620580
  292     2	  6.655738463440	 12.946633434480	 -9.480010699160
  293     1	  7.890350630310	 12.807366971700	 -7.808428955390
  294     1	  7.924485931490	 11.265928994090	 -7.824864453590
  295     3	  8.471259427780	 10.602593890300	 -6.878563687790
  296     3	  7.444706439440	 10.806114414200	 -8.917287080060
  297     1	  8.508836859770	 13.435095509420	 -6.697432772660
  298     2	  9.047252077120	 12.877958649460	 -5.928620986840
  299     1	  8.544547759080	 14.828079233240	 -6.575416531470
  300     2	  9.057726033700	 15.314457011130	 -5.743523382610
  301     3	  6.534628467590	 -6.441114086380	-10.273224887180
  302     1	  7.448903879310	 -7.086419304650	-10.944777799980
  303     3	  8.274035932390	 -7.888223815100	-10.338527941270
  304     1	  7.521581144960	 -6.888827547980	-12.365056131010
  305     1	  8.736389975820	 -7.271431361990	-12.914559764120
  306     2	  9.443091606140	 -7.734884139590	-12.223800527400
  307     1	  8.832606164690	 -7.285335866930	-14.351558663360
  308     2	  9.766122902060	 -7.662733926570	-14.773552392810
  309     1	  7.690125030690	 -7.097671859050	-15.150511633990
  310     1	  6.487404198130	 -6.665960268400	-14.538346204750
  311     2	  5.610391142130	 -6.617013488050	-15.186739461350
  312     1	  6.434865426370	 -6.489649941820	-13.142645706500
  313     2	  5.532938103230	 -6.133876306410	-12.641331218030
  314     1	  7.809059032090	 -7.305027955100	 15.942029586200
  315     1	  8.933479973020	 -6.699758367220	 15.209953087160
  316     2	  9.772691766420	 -6.214866443660	 15.712511434130
  317     1	  9.059549302990	 -6.956003719760	 13.857637436030
  318     2	  9.785471085810	 -6.469989807490	 13.203273596080
  319     1	  8.050808114330	 -7.642960302780	 13.186259187600
  320     1	  8.059975166290	 -7.772275063280	 11.741693729480
  321     3	  7.210139603070	 -8.608227129300	 11.247260701150
  322     3	  8.942668812640	 -7.202524177430	 11.030062052750
  323     1	  6.970348294890	 -8.236198215620	 13.878204126540
  324     2	  6.288367808020	 -8.867441895120	 13.305667641130
  325     1	  6.793038376270	 -7.971232691230	 15.249666398670
  326     2	  5.968503928910	 -8.526760970800	 15.700768133310
  327     3	 -6.649872245420	 -6.432068983360	 10.416685804760
  328     1	 -7.553783718660	 -7.096690777110	 11.013256832640
  329     3	 -8.526862610080	 -7.723641890090	 10.471869290310
  330     1	 -7.602604685570	 -7.039567013060	 12.524970900690
  331     1	 -8.869067159630	 -6.960389961200	 13.170436374080
  332     2	 -9.756989605050	 -6.740816553970	 12.574831437420
  333     1	 -8.973156344350	 -6.830584969400	 14.573146317080
  334     2	 -9.961439232320	 -6.789089429320	 15.035246474830
  335     1	 -7.854568409200	 -6.934530466460	 15.373003820980
  336     1	 -6.576697625020	 -6.939152225100	 14.711370828110
  337     2	 -5.683038388700	 -6.935419373360	 15.338523709600
  338     1	 -6.389802390530	 -7.059563254870	 13.326989099370
  339     2	 -5.353196255740	 -7.252112262380	 13.044612409200
  340     1	 -7.823654114710	 -7.042538940610	-15.748693875060
  341     1	 -8.918661293900	 -6.553744487910	-15.041781441980
  342     2	 -9.843990772710	 -6.215097845380	-15.511935979460
  343     1	 -8.906575187640	 -6.564689090240	-13.672146843130
  344     2	 -9.845890508280	 -6.165835253260	-13.284891970600
  345     1	 -7.871425646040	 -7.130543299070	-12.938937184410
  346     1	 -7.917362221120	 -7.198665601480	-11.414167716270
  347     3	 -7.357415474570	 -8.204153916930	-10.878908285280
  348     3	 -8.719587017740	 -6.374109025530	-10.831150975080
  349     1	 -6.935011403550	 -7.880850584150	-13.698671694100
  350     2	 -6.220179125960	 -8.468695925260	-13.120038252070
  351     1	 -6.833520765240	 -7.774385231800	-15.057796441340
  352     2	 -6.088538395530	 -8.392679169570	-15.562450150280
  353     3	 -4.514977327440	  8.308308765400	 -5.925696095610
  354     1	 -3.809840898430	  7.955559462030	 -6.929752097250
  355     3	 -4.295620634200	  7.475408104950	 -8.002869500500
  356     1	 -2.304585714930	  8.055683023850	 -6.937308627600
  357     1	 -1.651515392640	  8.423006390630	 -5.741809436280
  358     2	 -2.297796225190	  8.684160578360	 -4.905797683770
  359     1	 -0.266248416980	  8.600303096340	 -5.676740881110
  360     2	  0.225068955080	  8.810325475350	 -4.727929393440
  361     1	  0.509244568570	  8.309383277380	 -6.801558199550
  362     1	 -0.122258374730	  7.861563059170	 -8.070529780020
  363     1	 -1.558872644370	  7.688868430530	 -8.091597136400
  364     2	 -2.083134836170	  7.345918642640	 -8.981726716760
  365     1	  0.764526994380	  7.559134708870	 -9.197472948110
  366     2	  0.281921989840	  7.214157883120	-10.110615214540
  367     1	  2.120041757050	  7.705800030290	 -9.035168700400
  368     2	  2.712229999440	  7.366978943200	 -9.883289818590
  369     1	  2.734996207540	  7.941984959460	 -7.733026774830
  370     1	  1.939953398000	  8.288100332040	 -6.649069800080
  371     2	  2.465578015240	  8.407580879420	 -5.703427566240
  372     1	  4.242056234660	  7.961364792240	 -7.706373428650
  373     3	  4.798555429310	  8.539464277690	 -8.698205221850
  374     3	  4.912111589910	  7.494242265460	 -6.719998753560
  375     3	  4.668136188290	 -8.577089690420	 -6.014791814030
  376     1	  3.933581519060	 -8.210927535880	 -7.026409535420
  377     3	  4.455330105190	 -7.621848159900	 -8.056626955200
  378     1	  2.468764016040	 -8.309198767920	 -6.935376752910
  379     1	  1.772645870660	 -8.309627336290	 -5.681927261010
  380     2	  2.357035846240	 -8.206847342170	 -4.769391944630
  381     1	  0.448160066170	 -8.083615058740	 -5.646598807600
  382     2	 -0.035184751660	 -7.963665370080	 -4.678231492100
  383     1	 -0.370003331430	 -8.065023439360	 -6.809626986500
  384     1	  0.272464194720	 -8.041857684240	 -8.028999214430
  385     1	  1.677697689980	 -8.055680169890	 -8.050251676600
  386     2	  2.157098243740	 -7.896832749510	 -9.014481255320
  387     1	 -0.547082285930	 -8.149734753530	 -9.214774172100
  388     2	  0.053657823470	 -8.265902947160	-10.115530337960
  389     1	 -1.890769334730	 -8.409643401840	 -9.121508891900
  390     2	 -2.481029171410	 -8.654237505170	-10.002737083050
  391     1	 -2.632354474840	 -8.254449198170	 -7.852787362480
  392     1	 -1.821148209780	 -8.184241048570	 -6.724234737510
  393     2	 -2.253365230120	 -8.111935261890	 -5.727863122610
  394     1	 -4.159722477020	 -8.098070363840	 -7.849860860280
  395     3	 -4.773603123500	 -8.502833470870	 -8.926851620420
  396     3	 -4.710320451560	 -7.490355562090	 -6.897665561660
  397     3	  8.173078957430	  5.951873319770	  4.498573017110
  398     1	  7.783121750210	  6.924868023690	  3.805514795390
  399     3	  7.214363286650	  7.995029829220	  4.206943780180
  400     1	  7.948388700740	  6.843629482390	  2.330932484420
  401     1	  8.160035584090	  5.554848305820	  1.729936171070
  402     2	  8.332619106250	  4.693958376570	  2.373270870320
  403     1	  8.137294955650	  5.421555323070	  0.374555941570
  404     2	  8.198593203610	  4.480792741300	 -0.170378631030
  405     1	  7.938814569820	  6.563543869740	 -0.495392950480
  406     1	  7.811074583690	  7.872459195590	  0.099352842660
  407     1	  7.833763003020	  7.973220310280	  1.532218424700
  408     2	  7.594262255030	  8.981938764320	  1.863764096440
  409     1	  7.912450715530	  9.021333519660	 -0.740602439430
  410     2	  8.038138230570	  9.997616435770	 -0.274963400110
  411     1	  7.827537849960	  8.888269008940	 -2.121916101050
  412     2	  7.975117616080	  9.732743217460	 -2.792646746270
  413     1	  7.642687413010	  7.582678961120	 -2.698492182230
  414     1	  7.786919689590	  6.415332896910	 -1.908153670940
  415     2	  7.708475419440	  5.408617537670	 -2.314560802430
  416     1	  7.624157018970	  7.546266300520	 -4.187775822580
  417     3	  8.139873164560	  8.558105164850	 -4.856620494040
  418     3	  7.339263366220	  6.454331813950	 -4.801719536600
  419     3	 -7.900827493040	  6.090506231030	 -4.647478244950
  420     1	 -7.620213883260	  7.067228894550	 -3.882966609900
  421     3	 -7.352666753090	  8.287251679010	 -4.247485433080
  422     1	 -7.620769785320	  6.816320811910	 -2.404176423670
  423     1	 -7.493202582380	  5.557904578070	 -1.787686566540
  424     2	 -7.308337361840	  4.630206937750	 -2.326201202220
  425     1	 -7.732471739810	  5.349198780310	 -0.464687690910
  426     2	 -7.725584691480	  4.330369739980	 -0.080389167380
  427     1	 -7.954794643560	  6.483978540760	  0.387969038450
  428     1	 -8.068696136080	  7.772072807250	 -0.191770971040
  429     1	 -7.988004131320	  7.955533833530	 -1.574092572340
  430     2	 -8.070460129840	  8.933343893570	 -2.045138822120
  431     1	 -8.269760549670	  8.923685118670	  0.653611291490
  432     2	 -8.404454876640	  9.937509245780	  0.279761754990
  433     1	 -8.342319606550	  8.778351864390	  1.995155628390
  434     2	 -8.495406841640	  9.636091563170	  2.647568827380
  435     1	 -8.168573254310	  7.471373945270	  2.588790837980
  436     1	 -7.983512627020	  6.348242200940	  1.834252040880
  437     2	 -7.915437810930	  5.383696571910	  2.334065629730
  438     1	 -8.190071365620	  7.499845836580	  4.109151327610
  439     3	 -8.825628848280	  8.527756763410	  4.582576812760
  440     3	 -7.680547972310	  6.502519390130	  4.676947991720
  441     3	  4.291345132160	  7.902177198520	  5.794262198650
  442     1	  3.602646996850	  7.459660983390	  6.798868809520
  443     3	  4.087207098160	  6.995441616320	  7.880997668870
  444     1	  2.071513035130	  7.585669181390	  6.684554646650
  445     1	  1.445694188640	  7.580038559530	  5.386189668930
  446     2	  2.109839403690	  7.355570496140	  4.553530494730
  447     1	  0.077082834530	  7.567262676140	  5.287895219850
  448     2	 -0.449201650860	  7.487947711330	  4.337906174250
  449     1	 -0.741839743750	  7.648101698310	  6.454771243440
  450     1	 -0.163640599890	  7.814732855750	  7.747240521610
  451     1	  1.272777378850	  7.739568699480	  7.818926644850
  452     2	  1.753297437440	  7.768556345670	  8.795172651620
  453     1	 -0.992064625530	  7.973756383360	  8.935460913500
  454     2	 -0.480612058730	  8.028839896250	  9.895214776340
  455     1	 -2.314167119340	  7.928021622130	  8.925816624300
  456     2	 -2.951297596930	  8.060960611950	  9.798277542620
  457     1	 -2.935014876540	  7.679774254570	  7.645702492810
  458     1	 -2.168129521590	  7.544543140160	  6.474127145500
  459     2	 -2.704406863640	  7.316473661200	  5.554786621380
  460     1	 -4.420254138340	  7.704631318100	  7.557396790940
  461     3	 -5.023193138740	  8.400500325610	  8.470986204720
  462     3	 -5.020639709940	  7.250146019700	  6.499992187870
  463     3	 -4.364011750860	 -7.514703141500	  6.095046742630
  464     1	 -3.616420365370	 -7.219187959750	  7.111476248980
  465     3	 -4.068249363810	 -6.813768478360	  8.233917420990
  466     1	 -2.137369553670	 -7.364612293440	  6.979642671410
  467     1	 -1.547827319050	 -7.566667360290	  5.693827232370
  468     2	 -2.227748074070	 -7.729359706650	  4.859540086410
  469     1	 -0.146467543950	 -7.705322549680	  5.653480798530
  470     2	  0.325836552330	 -8.033959761550	  4.728996172810
  471     1	  0.614032600400	 -7.591319143060	  6.861855026320
  472     1	 -0.014221337420	 -7.306184002600	  8.070178655870
  473     1	 -1.407218707090	 -7.298433646820	  8.166484023890
  474     2	 -1.960361926320	 -7.092984190640	  9.081152911860
  475     1	  0.775039139930	 -7.241052984080	  9.277161013780
  476     2	  0.256202183150	 -7.054028816780	 10.216083572720
  477     1	  2.138250035130	 -7.491530130830	  9.168917110540
  478     2	  2.775110281290	 -7.424231723410	 10.049073929700
  479     1	  2.778896520740	 -7.763432226070	  7.925597386190
  480     1	  2.079856991230	 -7.700830718450	  6.746263967750
  481     2	  2.545176223050	 -7.851153190170	  5.773804590090
  482     1	  4.364377779180	 -7.823270761630	  7.896065748580
  483     3	  4.999104864440	 -8.152747241120	  8.959559318260
  484     3	  4.905766558390	 -7.537119908000	  6.766273624020
  485     3	 -6.013615019420	 -4.378891996220	  7.858358768930
  486     1	 -7.059053620030	 -3.679792438320	  7.605349902160
  487     3	 -8.170217947160	 -4.194921395640	  7.213040171430
  488     1	 -6.915202839180	 -2.203744875750	  7.745360281500
  489     1	 -5.636565522330	 -1.535439630210	  7.601095870580
  490     2	 -4.726643423140	 -2.122995148930	  7.493316649780
  491     1	 -5.550309409850	 -0.180618615120	  7.826768772550
  492     2	 -4.634925627970	  0.375285993610	  7.629822088260
  493     1	 -6.754635728480	  0.591897335080	  8.036446829160
  494     1	 -8.037714436420	 -0.030484442540	  8.142387866310
  495     1	 -8.030587905530	 -1.462530222610	  7.982015641250
  496     2	 -9.001225018900	 -1.954839707970	  7.999075515200
  497     1	 -9.205756317360	  0.780587882910	  8.453153932720
  498     2	-10.193829303130	  0.362027591410	  8.638260537730
  499     1	 -9.080124744730	  2.105352008430	  8.321298373630
  500     2	 -9.858978655610	  2.765634659360	  8.698405094190
  501     1	 -7.828076672550	  2.764159809280	  8.121124734030
  502     1	 -6.681250033170	  2.007170949270	  7.988223027070
  503     2	 -5.763901308310	  2.578170997220	  7.856973884460
  504     1	 -7.861894188250	  4.229641749410	  8.021255356380
  505     3	 -8.933314145720	  4.805634639390	  8.468599528660
  506     3	 -6.897472659940	  4.836139653980	  7.518620780150
  507     3	 -6.166531327150	  4.710195856860	 -7.957519728060
  508     1	 -7.218185090010	  4.018423266170	 -7.752147784930
  509     3	 -8.396171884000	  4.558925550140	 -7.551067099210
  510     1	 -7.121642494360	  2.510563734030	 -7.636781285220
  511     1	 -5.820899539510	  1.909439050630	 -7.650904578680
  512     2	 -5.012170958780	  2.636862780410	 -7.610793782820
  513     1	 -5.704867108610	  0.541123306170	 -7.531517713320
  514     2	 -4.770028080200	 -0.001467215650	 -7.663490873880
  515     1	 -6.874064824020	 -0.253303981830	 -7.491966455120
  516     1	 -8.171546994250	  0.314147147820	 -7.429697035720
  517     1	 -8.287941889700	  1.726233297060	 -7.530686528170
  518     2	 -9.270693061890	  2.193947183940	 -7.546176145770
  519     1	 -9.379575798350	 -0.513735779910	 -7.332451547490
  520     2	-10.373372994520	 -0.075164390300	 -7.256506385090
  521     1	 -9.265035887720	 -1.866094352750	 -7.426936111520
  522     2	-10.086902222400	 -2.579765426920	 -7.429259978750
  523     1	 -7.964691868720	 -2.476143096390	 -7.372368673600
  524     1	 -6.814820827760	 -1.698747081810	 -7.483728481960
  525     2	 -5.904750455060	 -2.288586015230	 -7.390679979230
  526     1	 -7.838222868930	 -4.029352674920	 -7.479709019350
  527     3	 -8.932073406400	 -4.719074925970	 -7.585544344710
  528     3	 -6.628033597120	 -4.543627172770	 -7.427119274510
  529     3	  6.164593339120	  4.354954966180	  8.000658514210
  530     1	  7.192827083730	  3.664561038380	  7.682633435790
  531     3	  8.290068293770	  4.121705367730	  7.108312160820
  532     1	  7.112811617590	  2.161383599470	  7.927019513270
  533     1	  5.886924047510	  1.503177798320	  8.220502993630
  534     2	  5.068533970710	  2.198204475810	  8.399309243990
  535     1	  5.746608842350	  0.147477163860	  8.209461552140
  536     2	  4.798234721770	 -0.334834372950	  8.441210354670
  537     1	  6.961571109320	 -0.693046536680	  8.048927225160
  538     1	  8.267884567520	 -0.090271119280	  7.857029368730
  539     1	  8.254686302750	  1.343422155710	  7.655364688170
  540     2	  9.187650790870	  1.854256715320	  7.424234012480
  541     1	  9.429055781790	 -0.959506858790	  7.793182283880
  542     2	 10.405478380180	 -0.489743109870	  7.685171506540
  543     1	  9.299551388620	 -2.281801521970	  8.029057864320
  544     2	 10.084352191460	 -3.034812975120	  8.072156876550
  545     1	  7.995609802540	 -2.862069624050	  8.098191479540
  546     1	  6.897866118950	 -2.053046411510	  8.251290913830
  547     2	  5.942583590760	 -2.572161218470	  8.303742629450
  548     1	  7.846913065930	 -4.358870724110	  8.013453637850
  549     3	  8.845445622600	 -4.957525199390	  8.562702142290
  550     3	  6.830798619070	 -4.916547312340	  7.464844215180
  551     3	  6.024986218380	 -4.598742224780	 -7.431623618170
  552     1	  7.167085725860	 -4.023087454720	 -7.248951083790
  553     3	  8.332778146870	 -4.557656358170	 -7.055503550490
  554     1	  7.084616834180	 -2.518121483320	 -7.471181223970
  555     1	  5.873152350740	 -1.852561759690	 -7.336373572590
  556     2	  4.955414224260	 -2.399061495830	 -7.126872152950
  557     1	  5.765714944520	 -0.480899935400	 -7.466005331150
  558     2	  4.845851936090	  0.042008223700	 -7.208780718380
  559     1	  6.943205286160	  0.331982395480	 -7.690833710850
  560     1	  8.259048508260	 -0.334982467480	 -7.711050373790
  561     1	  8.276307702760	 -1.751046234160	 -7.552927537910
  562     2	  9.260819475490	 -2.182874784550	 -7.382467140730
  563     1	  9.396109203530	  0.533009576670	 -7.848529630710
  564     2	 10.341268540160	 -0.005408090380	 -7.798273856720
  565     1	  9.273022503360	  1.880641938570	 -7.839295822830
  566     2	 10.100926482650	  2.579210373530	 -7.945941111530
  567     1	  7.999868453440	  2.542387611310	 -7.796695147500
  568     1	  6.842810710170	  1.768203015650	 -7.652474522950
  569     2	  5.854431245520	  2.218664666980	 -7.581860013880
  570     1	  7.888307909930	  4.056500403760	 -7.869872338120
  571     3	  8.841487420430	  4.726923621300	 -8.380825340300
  572     3	  6.853793884470	  4.515456173930	 -7.246487383930
  573     3	  8.257734968470	 -6.133061784030	 -4.210795795060
  574     1	  7.901312194690	 -7.196931825390	 -3.532215294040
  575     3	  7.522166539450	 -8.299736692280	 -4.111714626950
  576     1	  7.910941272580	 -7.198602573220	 -2.068967655300
  577     1	  7.755186393990	 -5.960240853530	 -1.325042842110
  578     2	  7.775473039700	 -4.977524549690	 -1.792646512860
  579     1	  7.500012922850	 -5.954886610980	  0.034586873510
  580     2	  7.232652818500	 -5.060819218260	  0.595753043590
  581     1	  7.452087419380	 -7.166597111820	  0.752553679550
  582     1	  7.617602317810	 -8.349316350680	  0.053746750190
  583     1	  7.817869278710	 -8.387481215220	 -1.344148826430
  584     2	  7.674495446120	 -9.302303918020	 -1.916284685890
  585     1	  7.731449275370	 -9.575101970070	  0.832366588490
  586     2	  7.892194771910	-10.538728052320	  0.351397714700
  587     1	  7.797870033850	 -9.516967530850	  2.183331886390
  588     2	  7.994367267550	-10.425667000060	  2.749415083820
  589     1	  7.632105051840	 -8.243826250180	  2.867413363090
  590     1	  7.450269614500	 -7.108106652950	  2.171328971770
  591     2	  7.430789653820	 -6.147854462190	  2.683512860730
  592     1	  7.764896049890	 -8.182647318370	  4.364823680540
  593     3	  8.271566185630	 -9.246281961030	  4.973279456430
  594     3	  7.444743911160	 -7.093541686310	  4.972247328510
  595     3	 -7.953766752520	 -5.841089384760	  4.419076835280
  596     1	 -7.525705033240	 -6.855464437300	  3.712696525260
  597     3	 -7.149695976220	 -7.966930475480	  4.186464506240
  598     1	 -7.516696444040	 -6.685258685180	  2.197923262320
  599     1	 -7.527996269800	 -5.393289040670	  1.552987759140
  600     2	 -7.710949504170	 -4.489031926020	  2.130606387640
  601     1	 -7.711594876970	 -5.269649260670	  0.186833380260
  602     2	 -7.763061825690	 -4.300309919870	 -0.306601310630
  603     1	 -7.658728787880	 -6.462183737200	 -0.642409480320
  604     1	 -7.372196003980	 -7.681466959000	 -0.019799908340
  605     1	 -7.301201955970	 -7.822118290650	  1.415358397380
  606     2	 -7.166551600720	 -8.773945257990	  1.925937265570
  607     1	 -7.188868780400	 -8.832065918760	 -0.821099302170
  608     2	 -7.036256246480	 -9.764411525720	 -0.279632329760
  609     1	 -7.319990076160	 -8.728570738170	 -2.183668556140
  610     2	 -7.259965528790	 -9.530018460960	 -2.917749394330
  611     1	 -7.620536258890	 -7.472077438310	 -2.757847864390
  612     1	 -7.851419413690	 -6.361401646270	 -2.017095778510
  613     2	 -8.136946014570	 -5.444428129060	 -2.529375196350
  614     1	 -7.734029365910	 -7.420876481620	 -4.334596520010
  615     3	 -8.477588516260	 -8.311869326010	 -4.869520446990
  616     3	 -6.901748798840	 -6.549158392310	 -4.892479430100
           	  0.000000000000	  0.000000000000	  0.000000000000
           	 32.527857602518	  0.000000000000	  0.000000000000
           	  0.000000000000	 32.527857602518	  0.000000000000
           	  0.000000000000	  0.000000000000	 32.527857602518
