     -1084.950081478
   2.741323205999999981e-03    -1.043607452999999923e-03     4.036652416000000021e-03
  -5.692578194000000313e-03    -1.930698144299999863e-02     1.676146080999999996e-03
  -5.396756609999999463e-04     6.629715086000000090e-03     8.267938946999999969e-03
   1.344120939999999902e-04     1.138975180000000010e-04    -8.417848840000000457e-03
  -7.125982270000000111e-03     1.215441082899999976e-02     5.297477547000000071e-03
  -5.005063536999999722e-03    -1.184880515000000028e-03    -1.456165196399999973e-02
  -1.301121439499999984e-02    -7.076538414000000353e-03     2.130492527099999908e-02
  -3.653436959999999990e-03     8.660990010000000532e-04    -2.840833607999999812e-03
  -3.897880562000000191e-03    -4.209180075000000000e-03    -1.934835598100000109e-02
   1.170535726800000023e-02     1.206889355399999933e-02     8.624727009999999527e-03
   1.321070915600000041e-02    -1.463189403699999974e-02    -5.850827829000000008e-03
   7.879566770000000350e-04     2.397727737699999889e-02    -8.955381129999999586e-04
  -1.038009601899999960e-02    -1.504160413100000086e-02    -4.776145413000000388e-03
   4.775469884000000005e-03    -1.826850886199999843e-02    -3.243180730000000140e-04
  -1.303610234700000071e-02     1.722607231000000075e-03     3.566680099999999950e-04
  -9.224401292000000696e-03    -2.542070261999999827e-03     6.286843412999999943e-03
  -3.350109262999999803e-03    -1.210831121000000054e-03     1.969685473500000158e-02
   8.579479991000000041e-03    -1.318856180399999994e-02    -3.692893063999999788e-03
   4.096112134000000175e-03    -5.201324099999999825e-03    -4.087960721000000013e-03
   1.032707804999999932e-03    -9.414780714999999509e-03    -1.249082475400000065e-02
  -1.802597280800000146e-02     6.297234193999999737e-03    -2.078319816300000164e-02
  -4.689152137999999699e-03     4.008200326999999952e-03    -1.945479497900000007e-02
  -5.148905213999999640e-03    -2.316051942600000010e-02    -5.773422941999999981e-03
   2.801673950999999854e-03     4.219676249999999764e-04     6.754119842000000373e-03
   9.025877821000000481e-03    -3.246140497999999968e-03    -3.310070356999999901e-03
  -3.542288031299999779e-02    -4.443799911000000276e-03     6.874618669000000237e-03
   2.492821600999999866e-03    -3.041807079600000047e-02     9.006953816000000043e-03
   1.255203624299999939e-02    -5.534542360000000230e-04    -3.751765688000000074e-03
   8.286064158999999901e-03     3.708012690999999954e-03    -5.192941635000000028e-03
  -8.273684227000000294e-03     7.227348865000000205e-03    -1.047106732200000015e-02
   9.858547448000000435e-03     5.197634199999999656e-03    -4.672280063000000191e-03
  -1.123584048999999975e-03     1.486273534000000012e-03     1.341848997600000003e-02
   1.075813983600000003e-02    -2.084596002000000184e-03    -1.557936305799999949e-02
  -6.574086477000000081e-03     7.457361402000000153e-03    -6.201033685000000191e-03
   6.036309614999999830e-03    -3.579073234999999818e-03     6.398031240999999675e-03
  -1.896723265999999920e-03    -1.806578385000000070e-03     6.054742553999999631e-03
  -1.054678638899999958e-02    -1.011217743199999998e-02     9.224047503000000134e-03
  -5.085423343000000304e-03    -5.215940538000000092e-03    -1.550171912199999925e-02
   3.906703040000000034e-04    -3.963086081000000323e-03    -9.663688819999999464e-04
   1.047942681099999981e-02     9.973797460999999850e-03    -1.336600810100000043e-02
  -4.472445095000000294e-03     9.136969494000000622e-03    -5.494185117000000354e-03
   5.962224997000000262e-03     4.993684680000000072e-04     1.319883649099999959e-02
   6.209736034000000286e-03    -2.316985334000000105e-03    -6.695821229999999969e-04
  -1.681416877100000082e-02    -4.875941796999999807e-03     6.327707368000000387e-03
   1.247856144099999953e-02     7.860007518999999679e-03     1.280878778000000065e-02
   2.396770597000000107e-03    -7.124250313000000424e-03     1.003570490000000063e-03
  -1.215019542999999907e-03    -3.729218797000000141e-03    -2.919079193500000169e-02
   1.300101133000000023e-03     4.622130589000000150e-03    -1.161425964000000052e-03
   4.865621030999999971e-03    -2.809927044000000082e-03    -1.379038154999999996e-03
  -9.917391354000000547e-03     2.023416728999999793e-03    -7.244423938000000424e-03
   1.142956115200000067e-02    -2.229138405999999979e-03     6.406017905000000248e-03
   6.928858444000000373e-03     6.412614801000000343e-03     4.474264789999999811e-03
   6.229112779000000114e-03    -3.230055970999999929e-03    -5.828410826999999746e-03
  -3.710139003099999916e-02     4.817193626999999659e-03     2.339272860700000040e-02
   3.194538194899999850e-02    -5.787935592000000365e-03    -2.203933983399999907e-02
  -3.947897932999999866e-03    -1.695722879999999938e-03    -1.115540112999999917e-03
  -7.414628740999999572e-03     5.404131979999999939e-03     4.694799904699999832e-02
  -3.580170087999999789e-03     5.479349635000000177e-03    -5.647812650000000106e-04
  -1.014649410999999939e-02    -1.217675597699999918e-02    -3.528592471099999822e-02
  -9.860112860999999465e-03     1.604057297299999948e-02     2.597374730299999851e-02
   8.594019874999999156e-03    -5.014105550000000442e-04     9.717320919999999571e-04
   6.079732182000000158e-03    -9.393698973000000688e-03    -1.987281760499999897e-02
   5.220004137099999719e-02     4.078230330000000054e-04    -2.105465108299999985e-02
   2.406544564999999955e-03    -3.590780318000000044e-03     2.837300337000000020e-03
  -5.009051017800000144e-02    -5.900571480999999667e-03     4.711666175999999935e-03
  -3.291432889999999865e-03     6.193824155999999928e-03     5.906860380000000538e-04
  -2.160468124099999832e-02     6.071780960999999775e-03     9.670037848999999894e-03
   1.072770710499999954e-02    -2.118759805199999999e-02    -5.586388658500000132e-02
   1.073824234899999931e-02     1.978004074600000009e-02     3.262416958299999697e-02
   1.811170363700000119e-02     2.739448944900000141e-02     4.517546618200000280e-02
  -4.792721903000000255e-02    -2.576406705700000008e-02    -1.614425776499999951e-02
  -1.261268425700000015e-02     4.386348529000000038e-03     8.886493230000000465e-04
   1.894824594500000084e-02     5.132348535000000149e-03     8.171754376000000056e-03
   1.950550238999999852e-02     9.875125430999999801e-03     6.982096616999999839e-03
   6.555455911000000226e-03    -3.160858740400000061e-02    -2.355882691599999954e-02
   2.000077867999999846e-03     1.929404170000000029e-02     1.037233575099999992e-02
  -1.052677461700000060e-02     1.113311947999999973e-03     8.456436431999999476e-03
  -8.423490084000000155e-03    -1.127884213799999931e-02    -1.450143830999999980e-02
  -3.187523049999999741e-04    -2.700486954999999859e-03     1.112439030000000022e-04
   1.639131330999999900e-02    -2.361749991900000123e-02    -5.433035339999999630e-03
   3.815970993000000061e-02     1.285169811699999991e-02    -1.751353468999999885e-02
  -6.945287048000000317e-03     6.525819373000000222e-03     1.185106914000000041e-03
   1.471175885000000063e-03     2.162799819599999993e-02     5.467292763000000319e-03
  -6.209915358999999746e-03    -5.068824960000000270e-04     1.213037341000000081e-03
  -3.692733248700000304e-02    -2.929145792299999926e-02     6.241980020000000191e-03
   1.420454249499999988e-02    -2.617035260799999846e-02     1.427837166400000059e-02
   6.786383806999999810e-03    -1.669551099199999972e-02     7.804568892000000348e-03
  -2.403817015799999957e-02     3.416356474699999701e-02    -3.074634555100000041e-02
   3.203381123799999702e-02     1.003174434999999903e-03     1.253478523699999916e-02
  -1.073182166100000029e-02     5.373607770000000039e-04    -3.030395411000000056e-03
  -1.398597498600000037e-02     1.203014055000000034e-02    -1.959029149999999986e-03
   1.840238372999999927e-03     4.088964577000000350e-03    -9.220172779999999922e-04
   1.723209538400000129e-02     1.216273629999999918e-02    -2.557834567000000052e-03
  -4.534268489499999888e-02    -3.036212958000000101e-02     8.135453440999999494e-03
   1.423082741199999980e-02     1.811006383999999927e-02    -8.562453579000000106e-03
  -3.799924348000000007e-03     1.104883191499999966e-02    -3.316914771000000189e-03
   3.139097351999999876e-03     1.478160508300000071e-02     9.636674043000000717e-03
  -1.310348922000000027e-03    -8.838569814000000330e-03     2.005247825000000105e-03
   3.218072427299999844e-02     7.694813011000000390e-03     2.103673232999999851e-03
   2.164684840000000057e-04    -1.786566920000000076e-03     4.600812999999999787e-06
   1.535150320299999947e-02    -2.524914853399999951e-02     2.224196011000000028e-02
  -3.069067463399999945e-02     7.869676330000000344e-03    -1.885596142099999969e-02
   5.469314763999999843e-03     4.835619773999999711e-03     8.949820876999999356e-03
   6.567376122000000149e-03    -5.522331497000000297e-03     1.044362198999999923e-03
   6.543173449999999938e-04    -4.204289544000000371e-03    -1.940816193000000035e-03
  -7.763555743999999738e-03     3.217236735000000153e-03    -3.681852255700000104e-02
  -1.421773680999999928e-02     2.007304140999999990e-03    -2.001453209600000116e-02
   8.873801429999999754e-04     1.908241121999999920e-03    -1.939871743999999976e-03
  -1.219620437000000024e-03    -7.353768614999999821e-03     1.458263479799999998e-02
   3.626553274000000014e-03     3.436728999999999804e-04    -6.688372732999999827e-03
   1.168228013400000008e-02    -1.788928182000000099e-03     1.216589050100000055e-02
  -1.623449363200000009e-02     3.440762837599999763e-02     2.182701701900000013e-02
   2.389791699099999903e-02    -2.275670153499999987e-02     1.031562327799999922e-02
   2.419740462999999970e-03    -5.633285340000000188e-04     1.772101574600000104e-02
  -2.300209255199999955e-02     7.052436680000000353e-03     1.056023593199999916e-02
  -1.375966367999999999e-03     2.065005622000000082e-03     6.245518468000000115e-03
   5.878951919999999458e-04    -7.563555690000000080e-04    -1.650013437199999988e-02
   6.313465992999999811e-03    -6.452943170000000235e-03    -1.411119832599999971e-02
  -5.007878234999999824e-03     1.437884361199999982e-02     9.468386294000000203e-03
  -4.100641817399999778e-02     5.194206211999999843e-03    -2.636681307000000168e-02
   3.562210291199999906e-02    -2.381149145700000094e-02    -8.879623187000000237e-03
   1.172484769000000076e-03     1.615390974299999935e-02     2.454792710199999936e-02
   5.093853766000000158e-03    -9.420786808999999373e-03     1.546292562699999942e-02
   2.192412897999999801e-03     2.821942036999999879e-03     4.944105447000000236e-03
   8.189257339000000080e-03    -2.645880864999999860e-02    -3.433219696800000192e-02
   5.484992093999999790e-03    -4.833683366999999911e-03    -1.061476425900000076e-02
   2.319153681799999978e-02    -4.869353308000000380e-03     6.512002307099999665e-02
  -3.562543832299999713e-02     4.245362447699999736e-02    -6.806074904099999878e-02
  -1.297188112000000103e-03     2.503429778000000085e-03     1.914326324000000055e-03
  -5.755555273999999645e-03    -5.465826229999999966e-03     2.766293447000000086e-02
   8.153785853000000694e-03    -6.294100249999999607e-04     1.485074878000000034e-03
  -3.534701439500000097e-02    -5.827185506799999887e-02    -2.116639486899999853e-02
   2.162553270499999875e-02     7.946021337000000115e-03    -1.359615543700000082e-02
  -5.986750788999999767e-03     6.253282421999999813e-03    -2.271317348000000038e-03
   1.169574479900000082e-02     6.913312344300000245e-02     7.104918743000000064e-03
   1.331152569899999964e-02     4.901892276000000340e-03     3.629368135999999894e-03
  -2.425704431799999977e-02    -3.004715068799999889e-02     7.871280544700000326e-02
  -2.101565083500000000e-02    -2.081773909900000094e-02    -1.471146050599999970e-02
   7.273553876999999841e-03     1.503072734999999927e-03    -2.265796482500000153e-02
   2.940862615499999916e-02     2.349317359100000155e-02     2.965870690000000157e-02
  -2.358822319000000028e-03    -3.197829160500000045e-02    -2.522028054500000116e-02
  -9.965949374999999791e-03    -1.579749689999999929e-03    -6.380244117000000159e-03
   6.764841786999999627e-03     2.301605427700000039e-02    -1.371027822500000062e-02
   3.337698689999999899e-03     2.442600697999999879e-03     8.674530797000000459e-03
   4.348870345999999824e-03     1.440169070999999974e-02     1.008818829700000065e-02
   9.790193472000000702e-03    -1.884371592999999935e-03    -1.749537432299999931e-02
   1.682544342799999898e-02    -1.496107057599999936e-02    -8.466727476000000113e-03
  -2.928209147000000040e-02    -1.080521445000000042e-03    -8.776688236000000296e-03
  -7.685379162999999778e-03     1.755578625299999973e-02     2.469426603600000103e-02
  -8.878967149999999597e-04     2.599611682999999809e-03    -2.554920891999999926e-03
   2.778909501000000146e-03     9.153823949000000279e-03     1.108037395100000023e-02
  -5.945071201000000187e-03     4.967037988999999619e-03    -3.916829824999999883e-03
  -3.992733401299999874e-02    -8.341256207000000145e-02    -4.676344869199999810e-02
   1.189987172100000039e-02     5.537662477500000097e-02     2.866645293299999869e-02
  -1.918989989000000019e-03     4.362041427000000124e-03     1.598183558999999917e-03
   2.893680576799999987e-02    -2.410918384599999853e-02     1.712305098999999942e-03
  -6.777124568000000154e-03     4.251333341000000307e-03     3.967385299999999780e-05
   9.348750612000000446e-03     2.516456664700000151e-02    -5.194720524999999964e-03
   4.759680383000000278e-03    -1.553876215699999917e-02    -9.480956591999999822e-03
   4.589540159999999820e-03     7.086086190000000229e-04     1.553006794000000084e-03
   2.432194323599999944e-02    -9.105766717000000551e-03     9.655164113000000783e-03
   3.921612552000000064e-03    -3.714904995000000137e-03     5.092847670999999660e-03
  -3.893303992399999719e-02     1.942314397099999951e-02    -4.323310369999999736e-03
   2.254719050100000011e-02     3.917794429999999634e-03    -4.955932058999999897e-03
  -1.523834476399999957e-02     5.147946581000000313e-03    -5.835981312000000122e-03
   1.126422472299999991e-02    -2.247784147999999909e-03    -4.445212135999999925e-03
   2.120825432699999930e-02     1.765661716499999923e-02    -7.900873269000000323e-03
  -3.470120667000000086e-03    -5.598669205999999739e-03     1.972895206000000162e-03
   1.771039040499999828e-02    -2.924294166399999881e-02     1.457875418900000074e-02
  -1.165706291900000038e-02     5.179945545999999588e-03    -1.112592966999999960e-03
   1.311138222800000037e-02     1.500824591400000060e-02    -1.129411851399999937e-02
   2.726210876000000147e-03    -4.689455747000000410e-03    -2.393923167600000082e-02
   4.808328279999999916e-04    -2.354802935799999927e-02     2.562617253499999831e-02
  -1.560859378199999994e-02     4.276232595199999653e-02    -1.295631772999999987e-02
   3.449977244500000012e-02    -3.477616283499999905e-02     2.495387176400000115e-02
  -4.385109907999999723e-03    -5.056849621000000100e-03     1.470626438000000036e-03
  -2.638813203899999932e-02     2.146856443899999856e-02    -2.359437606000000173e-02
  -1.464937712999999893e-03     3.478317308999999934e-03     1.681523478999999910e-03
   1.356562055700000040e-02     2.254341968799999929e-02     1.035405261099999960e-02
  -3.445182369799999755e-02    -4.665881212999999778e-03     8.389608455999999700e-03
  -3.393384975000000164e-03    -5.569190300000000278e-05    -5.692287766999999839e-03
   2.875950627499999912e-02    -1.889257662300000001e-02     1.009854242100000077e-02
   8.062858239999999696e-04     2.770058927999999917e-03    -1.417524437000000073e-03
   3.324663200999999901e-03    -3.546739117699999888e-02    -1.451773269999999958e-03
  -1.587443826499999877e-02     1.546129508600000042e-02     7.246298328999999962e-03
   1.258259626400000039e-02     2.219577695000000180e-03     1.030338725999999962e-02
  -1.853330636999999878e-02    -2.621013770000000013e-04     1.970072314999999838e-03
  -2.269296056999999846e-03     5.478522385000000189e-03    -4.548049303000000279e-03
  -2.798488540000000028e-03     1.713053013900000046e-02     2.004678269999999923e-04
   4.179231109000000263e-03    -3.621836033700000235e-02    -3.225845574399999888e-02
  -3.343735290000000165e-03     1.852131826700000039e-02     1.736227179199999887e-02
   9.169584181999999861e-03     8.971309531999999837e-03     7.082392784999999753e-03
  -3.364840046300000137e-02     2.518005430999999822e-03     4.041187056799999677e-02
  -8.760581897000000243e-03     1.978530553000000004e-03    -3.896676662999999912e-03
   4.630907747600000041e-02    -9.577038777000000322e-03    -4.422394353299999997e-02
   6.010367075999999663e-03    -7.083607329999999994e-03    -1.459328697000000005e-03
  -3.592232256000000169e-03    -1.931777403400000009e-02     5.434444652000000077e-03
   1.007917579699999996e-02     9.217780926000000707e-03    -1.301391639299999924e-02
  -1.113791193099999965e-02     2.298268136999999899e-03     9.003792662000000002e-03
   9.358265073999999864e-03     5.129921617699999964e-02     1.846522317999999994e-03
  -1.264294291999999926e-03     3.953154409999999619e-03    -1.206525264799999941e-02
  -5.573097140000000255e-03     1.040664209200000030e-02    -1.070601626099999988e-02
   2.381197935900000034e-02    -2.296056318599999993e-02     2.054293664499999908e-02
  -1.708994305999999999e-03    -8.819888983999999224e-03     5.828578243999999950e-03
  -2.524350223100000137e-02    -2.289542023399999959e-02    -2.136802612300000084e-02
  -2.255161417899999993e-02    -1.717318169899999941e-02     1.216640823400000002e-02
   1.311003102899999974e-02     1.346498221299999992e-02    -2.898436482000000137e-03
   3.852649224000000063e-03    -1.611109603399999909e-02     8.216643063000000219e-03
  -5.226821969999999795e-04    -5.468224431999999836e-03    -5.122711559999999775e-03
  -1.182119962699999978e-02    -3.032574032999999988e-03    -4.032698275800000037e-02
  -4.254418725000000401e-03    -1.227031036799999981e-02    -8.311517839000000588e-03
   6.277656553999999903e-03     6.788552627000000311e-03    -8.708150242999999902e-03
  -1.176489512999999952e-02     6.191111389999999753e-04    -1.918513381699999895e-02
  -4.080565111999999960e-03    -7.322124537999999752e-03    -3.058408244000000199e-03
   1.185721663699999991e-02     4.014542975700000071e-02     1.534361988000000100e-03
   1.030001538899999979e-02    -1.691722027199999909e-02    -9.715564108999999449e-03
  -6.226372089999999623e-03     1.989933545200000056e-02    -1.175700814000000009e-03
  -5.367012164000000210e-03     3.037880952999999842e-03     1.723893214299999921e-02
  -7.021492100999999868e-03    -6.111707326500000204e-02     2.520316143100000128e-02
   2.818214019999999904e-04     9.425403639999999778e-03    -5.292676734000000167e-03
   3.457112534600000064e-02     8.491384954000000262e-02     5.311562929699999852e-02
  -5.907532055000000275e-03    -9.066458492999999660e-03     1.555674234000000095e-03
  -2.586969163999999939e-03     7.123905273000000031e-03    -1.019513932000000065e-03
   6.369629225000000318e-03    -1.603782132499999985e-02     2.206312536199999882e-02
   2.408828829000000168e-03     2.173711477599999872e-02    -5.283947409000000310e-03
  -1.392048576299999979e-02    -2.173395888600000020e-02    -7.820223464200000418e-02
   2.105464246999999914e-02     1.676517906500000002e-02     1.367576520299999994e-02
  -7.636508959000000256e-03    -1.255997123999999954e-03     3.298369387999999965e-03
  -1.399387352699999962e-02    -3.076925354900000159e-02     1.677764115600000050e-02
   4.744880144999999785e-03     3.864578009999999984e-03     4.819845712000000310e-03
   5.365642724999999599e-03    -8.862331559999999699e-04    -1.708842984199999970e-02
  -2.069785244000000093e-03    -2.955941446000000077e-03    -5.551833770999999897e-03
  -9.360243089999999936e-04    -5.721258633999999968e-03     1.932121069999999906e-03
  -8.190294492000000509e-03     1.023620986600000046e-02     4.004897833499999893e-02
   6.162157742999999771e-03     1.010148566799999939e-02     3.522745409999999966e-03
   1.992206388599999933e-02     2.394041973799999889e-02    -3.864488901100000123e-02
  -2.494858792600000014e-02    -9.879348026000000366e-03     2.813810937699999862e-02
   1.114265434999999914e-03    -3.814679224000000046e-03     7.745734177999999935e-03
   6.408403735999999677e-03    -2.126064095000000046e-03    -7.263564747000000182e-03
  -3.607378103000000082e-03     1.485402692899999953e-02     2.542200675000000007e-03
   1.578102744899999993e-02     3.685125666999999969e-03    -2.756211773300000153e-02
   2.244512222100000093e-02     2.199327368999999879e-02     8.082456538999999163e-03
  -3.141147578100000198e-02    -8.907033384000000165e-03     1.630321782399999850e-02
   1.156238464899999978e-02    -2.257494590999999887e-03    -3.122283970899999983e-02
  -1.630075779999999933e-02     2.836853775999999792e-03     1.715882972699999884e-02
   2.658468494999999959e-03     3.799466328000000032e-03    -4.049259759999999930e-04
  -5.020638295000000133e-03    -2.921090111899999828e-02     2.329156908600000034e-02
  -2.031407313999999877e-03    -4.986583079000000279e-03    -2.614250950999999924e-03
   2.570189353999999954e-03     2.067579331299999879e-02     1.135459717300000074e-02
   6.676767896999999570e-03    -3.231628875399999989e-02    -1.520352639899999990e-02
  -1.558592266999999938e-03     3.652600044000000028e-03     2.732550654600000156e-02
  -2.601767286500000081e-02    -2.048264617599999948e-02    -3.488214947900000057e-02
   6.894456398000000340e-03     4.729029816699999861e-02     1.659308131099999917e-02
   3.104631342999999988e-03    -4.477577715999999687e-03    -5.295695213000000019e-03
   1.323371397699999938e-02    -5.200919906100000267e-02    -1.009483382799999940e-02
  -7.102789764999999957e-03    -2.727698627999999847e-03    -3.237247053000000176e-03
  -2.036965129999999957e-02     5.644945857199999695e-02     3.235606186400000195e-02
   6.692592637999999865e-03    -1.908807556899999938e-02    -9.090667845999999414e-03
  -1.274591573999999923e-03     5.490191462000000057e-03    -3.816673259999999856e-03
   1.709643315099999838e-02     2.038628059299999948e-02    -4.882885005000000417e-03
  -4.884721231000000233e-03    -1.861335881999999844e-02     1.625797857699999918e-02
   2.942246405799999950e-02    -8.733872530999999342e-03    -3.070262753699999972e-02
  -2.524018436300000043e-02     2.317147655599999939e-02     1.417623739899999923e-02
   9.220407539000000791e-03     7.339701060000000318e-04     6.147078654000000253e-03
   1.130035406299999962e-02    -2.313117210799999976e-02    -3.469287388999999899e-03
   2.531080139999999879e-04     1.620166795999999996e-03    -5.786343927000000414e-03
   1.000490354500000074e-02    -3.861245831999999840e-03    -1.794114503399999935e-02
  -4.833276007000000124e-02     3.037618452000000104e-03     4.074143818599999800e-02
   2.117191705299999865e-02    -7.788020867000000104e-03    -1.233488339400000064e-02
   9.127905072000000106e-03     3.615685729800000026e-02    -9.543480860000000269e-04
   1.277839165199999918e-02    -1.396801823999999949e-02     8.395867895999999456e-03
   1.219261333000000100e-03    -7.418492502000000217e-03    -2.853057867999999990e-03
  -2.901490749499999883e-02     7.351788058999999924e-03    -4.896686584000000189e-03
   7.978318410999999527e-03     6.942748514000000003e-03     9.399561181000000432e-03
  -2.313276409500000103e-02    -2.005839466000000019e-03     1.128995734400000013e-02
   4.674460588099999675e-02     2.363224015099999950e-02    -9.669434790999999196e-03
  -1.002054576499999961e-02    -6.868587576999999646e-03     1.332107266999999927e-03
  -4.149358145399999892e-02    -5.084212031700000023e-02     6.077173525599999931e-02
   1.374657829999999877e-04    -3.067711242000000210e-03    -3.523219340699999813e-02
   4.776632674000000182e-03     1.136054184800000012e-02     9.285974690999999198e-03
  -7.660604363000000396e-03    -2.213910615699999848e-02     3.917408897800000317e-02
   1.344927155999999912e-03     1.342462211099999976e-02     8.747525610000000517e-04
   1.073457683299999972e-02     4.633415732400000125e-02    -3.322641649299999667e-02
   8.165616618000000673e-03     7.717624287999999902e-03     5.805715395799999901e-02
  -9.812338231999999383e-03    -9.541839777000000675e-03    -6.795371881999999648e-03
   1.855083078599999852e-02     1.919932319900000128e-02    -9.866467553100000121e-02
   7.608114953999999680e-03    -1.253303125600000074e-02    -1.830297303999999913e-03
  -2.976940778200000068e-02    -6.142994268500000243e-02    -2.245159475800000137e-02
   3.893689404299999907e-02     2.833871309100000069e-02     5.990167072500000162e-02
   2.138581895999999965e-03     1.671706022999999925e-03     7.013707636000000162e-03
   4.550016839999999939e-04    -1.364098618299999961e-02    -2.126501567699999942e-02
  -6.312028009000000307e-03    -2.049122784999999908e-03     3.005571850999999919e-03
  -2.037441408399999834e-02     2.248359274700000021e-02    -2.688701498600000114e-02
   9.271451954000000523e-03    -5.130351295000000131e-03    -1.287367733399999957e-02
   1.364411964499999928e-02    -2.368108409400000031e-02     4.249080196499999823e-02
  -7.460458542000000109e-03     1.837584743199999898e-02    -1.730929631500000010e-02
   6.652558686999999679e-03     3.160109327999999912e-03     2.252718008099999919e-02
   3.775701401999999925e-03     2.259413788999999929e-03     5.002693089999999754e-04
  -2.039854350999999871e-02     1.727019614200000011e-02    -1.846671308999999969e-02
   3.270473932000000049e-03    -1.898571266999999957e-03    -3.822853557000000131e-03
  -1.363246014299999975e-02     1.505574424699999969e-02    -4.844286671999999648e-03
   5.527318556900000235e-02    -4.066967798699999692e-02    -5.777975224000000271e-02
  -1.806116630300000012e-02     1.964318971600000074e-02    -4.347453093000000317e-03
  -3.629547944300000328e-02     1.262645652499999951e-02    -8.544209124000000030e-03
  -1.763932736300000137e-02     2.066430963900000098e-02     6.622852155599999457e-02
  -1.943988795000000085e-03    -9.926248561000000289e-03     4.839732699999999878e-05
   1.537732918299999918e-02     2.323867066000000030e-03    -1.725358182700000020e-02
  -4.747145049999999832e-04    -1.563878047999999908e-03    -5.690473407999999816e-03
  -2.805096819000000088e-02    -1.036919163100000034e-02    -3.487995264899999837e-02
  -1.923891435800000049e-02     2.102402095400000143e-02     1.576455625499999930e-02
   5.022009604000000210e-03    -1.151870282199999977e-02    -7.146485254999999578e-03
   4.571095270400000327e-02    -2.099743047999999904e-02     1.727863313600000103e-02
   4.715291850000000000e-03     5.079168704000000013e-03    -3.758481038999999992e-03
   1.792836335300000000e-02    -6.061481928000000269e-03     4.638269144099999713e-02
   3.582853002999999981e-03     1.399067508400000069e-02    -4.653995026300000032e-02
   1.701387758999999954e-03    -4.582057999000000402e-03    -1.095710550999999923e-03
   2.667036067999999961e-03    -1.229898290399999983e-02     1.132830490099999941e-02
   1.416549738000000107e-03     4.288882836000000066e-03     2.183431914999999814e-03
   7.757083290999999825e-03    -1.436173121999999953e-03     3.809199797900000156e-02
  -1.627605224000000170e-02     3.049515918999999922e-02    -4.378139609999999807e-03
  -2.081146055000000078e-03    -1.421998993899999987e-02     1.668331215699999856e-02
   1.293030224699999974e-02    -3.675454706000000089e-03    -5.486344623000000316e-03
   1.719519567299999940e-02     1.690770833500000042e-02    -8.678334080000000336e-04
  -5.830200522000000309e-03    -1.172522401599999931e-02     1.371446987300000038e-02
  -3.104498426999999922e-02    -3.127858323999999860e-03    -4.554344925099999830e-02
   2.460476930999999819e-03    -6.009561628000000162e-03     4.803892500000000315e-03
   3.150976378000000001e-03     1.595299564499999892e-02     8.765804998000000653e-03
  -1.378879015800000066e-02    -3.083637447300000001e-02    -1.244654082899999958e-02
   4.536641485000000341e-03     7.812923673000000610e-03     3.944682758999999705e-03
   1.724411724499999923e-02     8.095977739999999506e-03    -2.261239338100000038e-02
  -1.978761867400000152e-02    -1.040088431099999919e-02    -4.726203374999999804e-03
   1.662609511999999911e-03     4.179343819000000057e-03    -6.615114943999999761e-03
   1.899982722600000035e-02     2.981348535000000015e-03     5.954149776599999833e-02
   3.162458230000000101e-04     2.238456617999999912e-03    -2.205648560000000088e-03
  -5.249356288700000178e-02     7.333883329999999791e-03     2.012428362900000114e-02
   5.871773741999999907e-03     6.652522337000000077e-03     4.760488516999999975e-02
   2.095454487999999851e-03     4.437843573000000222e-03     3.042285240999999946e-03
  -4.682900801000000092e-03    -1.387111521100000029e-02    -3.897729188199999806e-02
   9.044929780999999211e-03    -1.073907107000000036e-03     4.143108173000000123e-03
   4.350479915899999744e-02    -1.759946529800000131e-02    -5.263298199000000094e-03
  -1.157944728299999983e-02     1.393975028399999962e-02    -3.716711145300000130e-02
  -4.703265780999999791e-03    -6.371588218999999637e-03     7.377574155999999835e-03
   3.655198586700000168e-02    -2.631035073699999893e-02     1.447574567200000072e-02
  -1.102221256000000078e-03    -3.054619179999999885e-03    -4.652658775999999989e-03
  -1.791564506100000106e-02     2.618107046200000149e-02     9.617552270999999917e-03
   9.277207726999999252e-03     1.566118781000000112e-02     1.034441374300000029e-02
  -4.745683550999999639e-03    -5.560940502999999618e-03     1.193638307000000065e-02
  -8.535024070000000150e-04    -1.254042580099999984e-02    -1.408699346800000064e-02
  -7.881385973999999878e-03    -1.679810263600000145e-02    -2.912931983299999958e-02
  -4.435931360999999587e-03     4.327181507000000399e-03     3.284127837000000091e-03
  -1.360996718900000027e-02     2.134377356500000156e-02    -3.485869298000000144e-02
   9.531224890000000380e-04    -7.428010813999999865e-03     1.526583790599999983e-02
   4.101409381999999645e-03    -8.160767533999999795e-03    -2.283629670800000136e-02
  -7.226648088999999657e-03     1.168921400299999941e-02     2.474161019199999992e-02
   1.212153449699999996e-02     1.222698699000000083e-02     2.111976554699999953e-02
  -1.330376687199999984e-02    -1.372881138999999936e-03     9.242157590000000438e-04
  -2.204272663900000082e-02    -1.029665474300000064e-02    -3.312353566999999988e-03
  -1.133738215000000028e-03     2.362588955000000188e-03    -5.287272070000000350e-04
   5.372432715199999820e-02     5.807132545000000430e-03    -1.591847104899999851e-02
  -4.512141362000000183e-03    -2.442982228000000183e-03     4.277481930000000265e-03
  -9.487868365000000706e-03     1.241763198600000055e-02     2.766498273700000038e-02
  -3.144229049499999706e-02     7.455930868999999933e-03     1.185424661999999983e-03
   7.928948077000000025e-03    -1.513805655400000082e-02    -1.769183965700000041e-02
  -6.383179477999999935e-03     9.446416970000000041e-04    -1.253843072000000074e-03
   9.798653936999999342e-03    -1.790819249799999874e-02    -2.890731909899999993e-02
  -4.292030030999999940e-03    -3.320096999999999935e-04    -3.645575739999999936e-03
   1.859051065799999930e-02     2.192461355400000117e-02     1.858818259100000064e-02
   2.847291454999999975e-03    -4.177179460000000379e-03     5.486866610000000130e-04
  -2.810029414999999989e-02    -9.636250395999999135e-03     1.842665268600000156e-02
   1.249878973000000072e-03     6.571554827999999578e-03    -1.154770136199999991e-02
   7.209724346000000172e-03    -5.228044848000000348e-03    -2.350785366000000039e-03
  -1.283657502099999972e-02     1.344037477000000012e-03    -1.520595356199999984e-02
   1.197493732599999930e-02     4.758816651000000349e-03    -6.770514850000000119e-03
   1.850741113199999913e-02    -2.216488161000000189e-03     1.842066794899999832e-02
   7.604437700000000371e-05     5.202399142000000212e-03    -7.169960078999999646e-03
  -4.048330190200000178e-02    -3.244537280399999862e-02     3.621300161499999698e-02
   1.856534163100000134e-02     2.344055450199999946e-02    -3.264432957099999699e-02
   4.931039541699999695e-02    -9.026249599000000720e-03     1.220915540099999988e-02
  -4.537559157499999885e-02    -5.983720128999999582e-03    -6.019453133999999594e-03
  -6.693412684000000015e-03     6.642238021999999874e-03    -1.333152977999999987e-03
   3.374523465899999936e-02     1.141903560000000033e-04     2.546462710999999966e-03
   8.227031366000000373e-03     1.835394413000000042e-03     1.814486013000000085e-03
   5.002794341100000319e-02     1.485456428899999994e-02    -5.614975138899999663e-02
  -4.106203335300000201e-02    -1.312877550000000025e-03     5.730997359599999952e-02
   8.118360875999999782e-03     3.257124346000000049e-03    -9.480816040999999819e-03
   5.083637238000000141e-03     2.659666123000000142e-03     1.988040217999999942e-03
  -2.694718926999999792e-03     1.906458577299999929e-02    -1.597400672299999907e-02
   5.787525689999999806e-03    -1.920370843999999900e-03     1.679306512000000107e-03
  -4.915580632000000200e-03    -1.670074210799999889e-02     6.076816659000000044e-03
   5.490863779999999826e-03    -4.610612624000000152e-03    -4.136359642999999642e-03
  -2.388767007100000075e-02     1.108511856700000048e-02    -1.435622828600000012e-02
  -2.687234496999999899e-03    -2.526100843199999973e-02     2.047682271100000062e-02
  -1.731758790000000059e-04     2.607590033000000210e-03     3.179029952999999978e-03
  -3.860019118000000086e-03    -3.511961620000000200e-04    -2.529756850999999827e-03
  -1.468613310900000052e-02    -8.920204775999999655e-03    -1.678228949199999862e-02
  -1.003852932200000048e-02     9.919183944999999947e-03     2.046792010300000145e-02
   9.645795041000000680e-03    -1.650890082900000055e-02    -3.935377644999999910e-03
  -2.556529057100000168e-02     3.957703064700000134e-02     1.570464932599999891e-02
   1.560570371800000002e-02    -2.446138155699999900e-02    -2.035059223299999845e-02
  -3.968202419999999940e-04    -1.931261038999999933e-03     1.615314967600000109e-02
   6.536121580000000490e-04    -1.071018054799999925e-02    -1.404881380000000055e-02
   9.590516030000000199e-04     5.232694222999999950e-03     7.540267776999999734e-03
   6.793961038999999681e-03    -1.589997134799999920e-02     2.084946161499999853e-02
  -2.755933507000000050e-03     4.170366087000000090e-03    -7.689658935999999986e-03
   5.258977667999999682e-03    -1.224979638000000008e-03    -1.774700381900000054e-02
  -2.344981214199999900e-02    -9.852852909999999451e-04    -7.692096679999999714e-03
   1.219209890900000044e-02     5.981577626000000175e-03     7.807209635000000349e-03
  -4.240926790999999772e-03     3.878208342000000110e-03    -8.603168369999999836e-04
   1.194823582600000079e-02     8.221341495999999818e-03     8.330101802999999305e-03
  -3.549682999999999875e-04    -3.203334199999999861e-05     4.522055213999999664e-03
   6.443561439999999753e-04     2.038541819500000116e-02    -1.163531773300000016e-02
   4.114476322000000172e-03    -1.441316170999999962e-03    -4.494511395999999798e-03
  -1.679183680600000034e-02    -6.595869185999999988e-03     1.236376107999999970e-03
   4.445480614000000066e-03    -9.586089752999999922e-03     1.096555533600000049e-02
   1.736616864000000088e-03    -6.882877844999999578e-03     7.530086903000000366e-03
  -5.787301310999999962e-03     1.996038380799999845e-02     2.407684278599999880e-02
   8.143262405000000620e-03     7.754316138999999691e-03    -2.638366998400000149e-02
   7.682928329999999875e-04    -1.571573195700000022e-02    -1.430335697900000057e-02
   7.148145752999999873e-03     9.633161661000000722e-03     2.166816542099999840e-02
  -1.649443615200000060e-02    -1.308659081399999972e-02    -2.658331412599999888e-02
   1.443658118999999965e-03     1.407925516100000038e-02     8.203888047000000572e-03
   1.817458099100000002e-02     3.624381607000000047e-03     3.985017236999999907e-03
   9.203810890000000550e-03     6.607552673000000390e-03     9.681777263999999730e-03
  -2.246025918999999815e-03    -3.436285454000000215e-03     6.334949906000000158e-03
  -5.892871876999999578e-03    -1.233634941399999914e-02    -1.239902502200000006e-02
  -3.015792638999999827e-03     8.965881140000000072e-04     5.708127575999999773e-03
   2.952634609000000156e-03    -2.917746490999999914e-03    -2.008677039100000006e-02
   2.848182980999999867e-03    -2.199484641300000071e-02     6.143946809999999755e-04
  -1.628517289199999871e-02     4.346049077000000392e-03    -6.824131724000000350e-03
   3.847821168000000163e-03     8.386224890000000196e-04    -2.285408741000000132e-03
   1.008624435000000062e-03     1.012061597900000033e-02     3.072545743699999984e-02
  -2.028220244000000175e-03     3.398888020999999999e-03     1.218345570699999950e-02
  -3.318460838000000194e-03     1.103037191200000044e-02    -2.062258615200000117e-02
   8.924777270000000496e-04    -6.312118580000000527e-04    -1.421703134999999967e-03
   6.912045100000000267e-05    -4.824988045800000097e-02    -4.412883762800000331e-02
  -3.153836930000000218e-04     3.421746573900000254e-02     4.218383688300000184e-02
  -3.091129865000000199e-03     1.549669134999999941e-03     2.154342148999999901e-03
   2.460189287400000105e-02    -6.923231320000000199e-04     5.648710113100000041e-02
  -5.159677780000000019e-03    -2.070156557000000022e-03    -3.915676237500000101e-02
  -8.652955125000000303e-03     7.239038877000000122e-03    -2.108692533799999894e-02
  -5.475711702000000090e-03    -2.002036418000000071e-03     3.827591881999999925e-03
   5.418835801999999716e-03     2.271669061999999784e-03    -1.259494300999999990e-02
   6.648793010000000024e-03     1.260568469999999908e-04     2.098112700999999868e-03
   1.945616779400000107e-02    -9.553784862000000086e-03     2.504869002299999967e-02
  -1.960567949400000148e-02     1.383081248899999983e-02    -5.162643159199999804e-02
   7.556890388999999882e-03    -8.504023085999999967e-03     6.462817008000000009e-03
  -1.011333239100000066e-02     1.298805659200000066e-02     2.596168036900000156e-02
   6.814421622999999872e-03    -4.693666511000000111e-03    -4.759489012999999942e-03
   4.056596097299999815e-02    -1.100517311000000047e-02    -5.010082657999999876e-03
  -2.791625045900000129e-02     9.211862852999999976e-03     4.637883680000000190e-04
  -2.851853642800000060e-02     1.769945857000000027e-03     2.950428964000000216e-03
   8.523580173999999524e-03    -2.652825882000000093e-03    -2.679673984000000009e-03
  -6.688983583700000568e-02     4.552898530000000152e-03    -1.538028341999999986e-02
  -3.078495351000000001e-03    -5.493001976999999959e-03    -3.851077331000000038e-03
   6.555011439999999800e-02    -3.526588020000000125e-03     2.028682071899999897e-02
  -1.428243679999999932e-03     1.932403660000000037e-03    -7.546558703999999874e-03
   5.707478927999999965e-03     1.172358432999999998e-02    -1.205518141199999997e-02
  -8.863620008000000841e-03    -7.513946449999999800e-04     2.006379892399999879e-02
  -3.264537167999999843e-03     5.065297249999999507e-04     3.617505529999999968e-04
  -8.569219996999999367e-03     1.024971488100000043e-02     7.647959295700000604e-02
   1.874380600999999910e-02    -1.354258902899999929e-02    -2.730242039900000056e-02
  -1.094603566499999930e-02    -8.764641316999999265e-03    -4.095990735499999841e-02
  -3.897305879000000171e-03     9.634242000000000110e-04    -5.193316168000000101e-03
   2.051765574300000103e-02     8.623888776000000062e-03     7.038778219999999863e-03
   6.949564208000000125e-03     1.496674880000000037e-04     3.233714408000000051e-03
   8.297731612000000187e-03    -4.724091106999999713e-03     7.408838358999999922e-03
   1.701303847699999969e-02     2.858073290000000179e-03    -3.038776667400000173e-02
  -8.412168450000000186e-03    -8.362666279999999902e-04     3.049966397000000023e-03
  -1.580920405699999878e-02     1.485234208099999939e-02     6.897335414999999741e-03
   1.722126051000000052e-03    -8.327205041999999682e-03     3.593323328999999816e-03
  -1.785524893800000124e-02    -1.244683451499999961e-02     2.844313451900000109e-02
  -3.131824900300000242e-02     1.599498221900000003e-02    -2.554098965799999829e-02
   2.937872591099999903e-02    -1.180487022200000027e-02     2.052005244199999953e-02
  -3.281904049999999785e-03     9.928193280000000270e-04    -2.324539506000000179e-03
  -3.969537106499999857e-02     1.081992786999999914e-02     3.001083346999999790e-03
  -4.473218297000000274e-03    -2.377494074000000100e-03     1.070844218000000046e-03
   3.581930679599999723e-02    -1.396760652599999923e-02    -2.426419520000000149e-02
   1.436692608999999999e-03     4.976745817000000072e-03    -6.113443510000000003e-04
  -3.399870641500000318e-02    -1.037898628599999949e-02    -1.649247462900000141e-02
   3.861163776899999983e-02     1.218787615300000009e-02     1.655300121399999949e-02
  -2.946993978000000177e-03    -5.215692129999999552e-04    -1.939385175000000018e-03
  -1.372620571699999931e-02    -1.009801159000000073e-03     3.494036758400000109e-02
   2.496204434599999869e-02    -5.039767431000000131e-03     3.815253239000000133e-03
   1.432549185500000058e-02     3.755649619999999918e-03    -3.285307589800000316e-02
  -1.426578855100000057e-02     1.151173635799999928e-02    -3.381565176000000169e-03
  -8.890869948000000578e-03    -1.803321402000000002e-03    -1.474963254999999990e-03
   1.428210158899999999e-02    -5.376664699999999771e-04     4.964515012000000026e-03
  -4.306289294699999770e-02     2.213956388199999833e-02     2.027102678700000091e-02
  -3.612139820000000189e-04    -8.478837051999999277e-03    -2.083655595999999929e-02
   2.268337883999999981e-03     1.878503866999999905e-03     5.449994900999999975e-03
   2.692216431799999976e-02     3.927471872999999634e-03     8.282933379999999485e-03
   9.339862279999999956e-04     2.646810210999999899e-03    -3.216177769000000148e-03
  -3.290464558399999739e-02     1.461800107199999997e-02     1.183204130900000067e-02
   1.507313316999999960e-03    -6.150235918999999787e-03    -2.454190955999999840e-03
   6.471269216199999896e-02    -4.684326921600000249e-02    -2.043510000099999988e-02
   9.799343449999999359e-04     5.021886809000000382e-03    -9.256058410000000264e-04
  -2.064436746399999842e-02     2.633092919800000126e-02     1.498801693800000043e-02
  -9.237029829999999619e-04     2.396689561999999947e-03     3.082103553000000058e-03
   2.315106847000000020e-03    -5.647535260999999793e-03    -1.702971491800000028e-02
  -1.323708645000000071e-03     6.638459750000000456e-04     4.295144053000000094e-03
  -6.247179979999999827e-03     1.687241459900000115e-02     5.529009520000000184e-03
   2.493317986900000019e-02    -2.442523430899999973e-02    -1.008439608599999947e-02
  -1.094274715000000077e-03     6.618899846000000226e-03     2.837310832000000151e-03
  -7.953542214999999652e-03    -5.972141355000000137e-03     3.742590596999999849e-03
   1.084876691699999951e-02    -9.450466136999999267e-03    -9.045481112000000601e-03
  -7.574537198999999749e-03    -3.851984473999999978e-03     5.819001415000000371e-03
  -1.799707886999999925e-03     2.752386790000000208e-03     1.039405410000000069e-03
  -1.438515031800000066e-02     1.299190533700000059e-02     3.034175090000000249e-04
   1.731025511900000091e-02    -1.029497418399999940e-02    -5.079672319000000380e-03
   7.665287437000000217e-03     9.486455282999999711e-03    -3.282096217999999968e-03
   2.198162115400000005e-02    -8.064538710000000417e-04    -6.794815463000000375e-03
  -7.918389996000000861e-03     9.926413248999999689e-03     5.365282570999999751e-03
  -1.229871912700000042e-02    -2.401569217400000011e-02     1.015532455700000024e-02
  -1.786498447000000028e-03    -1.028248661000000013e-03    -5.154108380999999905e-03
   4.058988160500000275e-02     2.029023818599999876e-02     2.041542819999999953e-04
  -3.705077099999999905e-04     8.422487657999999308e-03    -2.238385533999999889e-03
  -1.497664660099999948e-02    -1.519901465999999937e-02     4.975087419999999839e-04
  -1.312694308999999950e-03    -3.476925860000000209e-04    -8.191963109999999583e-04
  -8.446818002999999589e-03     1.136665445999999980e-03     1.308565703200000041e-02
  -2.303640717000000199e-03    -4.122811304999999746e-03     1.434231116999999970e-03
   1.330320107000000076e-03    -1.243738831500000065e-02    -1.282068254499999990e-02
   5.096355882000000274e-03    -6.219958396000000410e-03    -1.516589002000000037e-03
   3.482336649999999835e-04     5.236687939600000175e-02     1.245973528699999971e-02
  -3.475687502699999903e-02    -8.285462622000000499e-03    -9.988661123000000183e-03
  -2.033519680000000064e-04    -2.204125763999999904e-03     2.936105597999999831e-03
  -1.526566295600000067e-02    -2.955396943399999851e-02    -8.216241460000000326e-04
  -5.065542590999999942e-03     5.868435180999999681e-03     8.921152014999999408e-03
   2.315402041399999833e-02    -7.427006150000000370e-04    -2.723592307000000014e-03
  -1.147046705899999915e-02    -3.291656479999999826e-03     3.161943355999999837e-03
  -7.186300665000000011e-03     2.729201234800000125e-02    -4.683869186999999913e-03
   2.272062219099999988e-02    -9.395451391999999277e-03    -1.085129768800000005e-02
  -4.262438745299999832e-02     9.493680057999999769e-03     2.540921436600000055e-02
   2.174105907600000151e-02    -2.160010123999999906e-03     8.049393541000000180e-03
  -4.809084499999999882e-04     6.768743189999999700e-04    -3.701646923000000058e-03
  -4.045527098900000146e-02     1.317347296699999948e-02    -3.976804674999999921e-03
  -1.348787829000000103e-03    -2.455508126999999836e-03     1.505559892999999965e-03
   1.067880101899999941e-02    -2.065418530299999861e-02    -1.495702343999999982e-02
   1.804526789399999928e-02    -4.255145497999999853e-03     1.849502416999999899e-03
   4.251836236999999644e-03    -1.095051276000000079e-03    -1.844264916500000170e-02
   7.119191575999999841e-03    -5.199878229000000178e-03     1.162719110999999982e-03
   1.057386256600000018e-02    -2.156859909000000131e-02    -8.493981487000000496e-03
  -3.538983299999999880e-04    -1.402683681999999932e-03     2.334366580999999892e-03
   7.687569689000000282e-03    -4.570759599999999829e-05     1.418403544799999930e-02
  -7.440717844999999997e-03    -7.251956052999999729e-03    -3.754249689999999929e-04
   1.057801337900000048e-02     2.243787595600000087e-02    -2.853454692999999893e-03
   5.910742578999999934e-03     1.445762164600000038e-02     2.126735766299999927e-02
   5.180292385999999728e-03    -4.701805564999999784e-03    -2.676028795999999856e-03
   1.840148806000000033e-03    -1.843242796500000127e-02    -9.921794758999999408e-03
   9.151373508999999240e-03     1.028483054700000086e-02     5.498534018000000162e-03
  -1.924858315999999903e-02    -3.251517192999999872e-03    -7.353151896999999930e-03
  -7.494039654999999633e-03     2.698109192999999933e-02     4.028721439999999950e-04
  -2.064822014200000042e-02    -1.779396977500000143e-02     1.671769417600000099e-02
   2.326259281099999840e-02     4.593379602999999624e-03    -3.221286855999999903e-03
  -3.168642247899999820e-02    -9.375517500000000483e-05    -2.084819744500000099e-02
   7.804591815999999821e-03    -1.623330967699999905e-02     1.463196360300000019e-02
  -4.698935821999999755e-03     9.916002967999999751e-03     2.031631909999999884e-04
  -1.184830126899999968e-02    -2.353527257199999889e-02    -9.775370954000000764e-03
  -2.663867014999999824e-03    -3.440191284000000162e-03     5.466372585000000422e-03
   2.491875765900000012e-02    -8.669278581999999289e-03    -1.395850827799999944e-02
  -1.830649389999999908e-03    -5.584224460999999938e-03     9.499715682999999161e-03
   1.849155786699999832e-02     1.429287557400000033e-02    -2.272262838999999836e-03
   2.549468025999999943e-03    -5.597112050000000024e-04     6.341309076000000398e-03
  -3.929838461999999623e-03     1.348809568700000058e-02    -1.428026472699999924e-02
   2.571453473999999861e-03     2.186180511999999930e-03     1.229345677000000074e-03
  -1.146017806499999986e-02    -1.302397754100000082e-02     1.284889311000000055e-02
  -7.164223929999999699e-03     5.989940691000000296e-03     1.843990978999999987e-03
   3.316562437799999707e-02    -2.314973283499999895e-02    -5.861755655000000162e-03
  -4.791242307999999880e-03     3.205509877400000013e-02     8.382624297999999655e-03
  -3.939119171999999787e-03    -9.210623459999999710e-04     3.927305399999999995e-03
  -2.089223569200000102e-02     3.498698237799999916e-02    -9.449349208000000153e-03
   2.144046575699999971e-02     8.639144204000000563e-03    -7.800751360000000162e-03
  -2.761413840000000001e-03    -2.188429382699999884e-02     1.007130287799999982e-02
   6.764826847999999906e-03     3.390049666000000128e-02    -1.499431196200000024e-02
  -7.025230171999999676e-03    -4.599375146899999794e-02     2.868423388700000118e-02
   3.794406895000000061e-03     1.640684617799999939e-02     2.770620401999999809e-03
   1.454243003200000016e-02    -1.574842700000000039e-04    -4.939191464099999818e-02
  -7.777126036000000381e-03     1.543199778699999927e-02     3.502254804200000127e-02
   7.490057599999999335e-05     1.192113660000000035e-03    -2.670133432999999886e-03
   6.290171469000000078e-03    -4.899545675000000280e-03     4.704488270999999944e-03
  -2.615308814999999995e-03    -2.834715050000000255e-04     1.280454852999999941e-03
  -1.692444045199999886e-02    -3.054164181299999850e-02     1.028125939199999936e-02
   3.269713234999999975e-03     3.757414704099999725e-02    -2.836178182899999969e-02
   9.106200646000000079e-03    -2.588336595500000115e-02     4.855275062799999791e-02
  -1.099985058299999922e-02     1.281863634999999904e-03     5.025056140000000275e-04
  -1.590357747999999972e-03    -3.724984301999999855e-03     4.961716821300000274e-02
   1.782702988999999892e-03    -7.161063269999999852e-04     6.099323305000000327e-03
  -1.136125585000000030e-03    -1.429956250200000063e-02    -7.365997771000000471e-02
   1.691950915000000038e-03     3.274137753999999904e-03    -7.256298409999999881e-04
  -9.297708100000000265e-05     4.340159948100000276e-02    -2.526556317600000059e-02
   4.925164503000000263e-03    -2.313661357199999977e-02     8.102909985000000120e-03
   5.281324801999999832e-03    -8.203979260000000395e-04    -3.381903950000000013e-03
  -1.465479634699999936e-02     1.574065064200000016e-02     4.265729781999999699e-03
   1.560754144700000033e-02    -1.614747768399999936e-02     2.277954622499999901e-02
  -1.601492969999999960e-03     2.274191105000000074e-03     1.325600192799999966e-02
  -1.402398178799999992e-02     1.618945264899999958e-02     1.679597084300000001e-02
   1.775282182099999911e-02    -3.009649730399999862e-02    -4.658932701000000412e-03
  -6.472933287999999875e-03     7.766409281000000338e-03     2.543908836999999798e-03
  -8.804571385999999944e-03    -9.029374466000000474e-03     1.921967270999999904e-03
   1.865074716399999985e-02    -5.323407853000000113e-03    -2.536121825300000077e-02
  -5.600018206000000054e-03     3.195599829000000079e-03    -7.947115365000000098e-03
  -7.492499290000000263e-03     2.291147000299999931e-02     2.991379707500000165e-02
   3.268627344000000004e-03    -1.111680650000000013e-04    -3.801816659999999928e-03
  -1.316759815000000024e-03    -1.952570689399999934e-02    -5.303287886799999684e-02
   5.000500928000000365e-03    -4.112803564800000117e-02    -3.835509553299999708e-02
  -1.086090044000000100e-03     9.517517509999999558e-04     1.529964159499999990e-02
   2.131993790999999871e-03    -1.329131936000000052e-03     1.869923952999999993e-03
   1.192425881999999941e-03     4.857901986700000063e-02     2.513945542800000155e-02
  -3.479553890000000160e-03     8.811361690000000038e-04    -9.304221020000000026e-04
   6.237629223000000153e-03     3.680772211000000148e-03     8.413472079999999645e-03
  -7.184360873999999855e-03     6.994101305000000046e-03    -7.928984124999999966e-03
   2.581658552000000093e-03    -6.628838934000000349e-03     4.459291597299999688e-02
  -5.163850999999999684e-03    -3.653065964000000096e-03     2.465348266599999907e-02
   2.273868059999999993e-04    -7.631370612000000324e-03    -7.265028893999999661e-03
  -1.976484879300000053e-02     2.864817641000000012e-03    -2.092643063499999984e-02
  -1.185364090299999978e-02    -1.589430783400000088e-02     1.299622990299999920e-02
   3.352274392299999656e-02     2.539806152800000091e-02    -1.261964498199999972e-02
   7.443562999999999802e-06     1.743903000000000022e-06    -6.244460000000000053e-07
   1.743904000000000049e-06     3.079368000000000076e-06    -2.584918000000000092e-06
  -6.244470000000000329e-07    -2.584913999999999981e-06    -1.299915000000000030e-06
  -2.812480135199999995e-02    -6.589174292999999856e-03     2.359411798999999903e-03
  -6.589178117000000189e-03    -1.163510037000000004e-02     9.766870469000000707e-03
   2.359412840000000081e-03     9.766855585999999895e-03     4.911607452999999616e-03
