1            0.27425099
2            0.07587507
3           -0.35436512
4            0.09595895
5            0.41223406
6           -0.00656228
7           -0.48552542
8           -0.41215606
9            0.40028980
1            3.72574901
2            0.92412493
3            4.35436512
4            0.90404105
5            3.58776594
6            1.00656228
7            6.48552542
8            6.41215606
9            0.59971020
1            1.00000000
1            2.00000000
2            1.00000000
3            1.00000000
3            2.00000000
4            1.00000000
5            1.00000000
5            2.00000000
6            1.00000000
7            1.00000000
7            2.00000000
8            1.00000000
8            2.00000000
9            1.00000000
1            1.00000000
1            2.00000000
1            2.00000000
1            2.00000000
2            1.00000000
3            1.00000000
3            2.00000000
3            2.00000000
3            2.00000000
4            1.00000000
5            1.00000000
5            2.00000000
5            2.00000000
5            2.00000000
6            1.00000000
7            1.00000000
7            2.00000000
7            2.00000000
7            2.00000000
8            1.00000000
8            2.00000000
8            2.00000000
8            2.00000000
9            1.00000000
1            0.03022884
2            0.00924435
3           -0.05334151
4            0.00388664
5           -0.01772074
6            0.00671392
7            0.00485811
8            0.00355744
9            0.01257295
