-266.52908923495755
0.06215454485756411 0.08038129635834412 -0.0887260674722743
-0.003422173826676922 -0.0002919885383065868 0.014572392986688998
-0.07674122957474694 0.05112924184594547 0.04887277544603852
-0.004067362847118616 -0.01670253915935227 -0.006664676058624419
-0.02509190989294874 0.10923873438991061 0.11006540960576139
0.003442654690697766 0.0015648093815832098 -0.014213637490739561
0.026318449761137064 -0.14849909865561095 -0.043404275758587296
0.005557621937461121 -0.08156256021401198 -0.0029393312165950647
0.011849404894653331 0.004742104591492158 -0.017562590041669157
