9  S
C  H  O  
    1     1	 -4.405824391742	 -2.216741747225	  0.394599103971
    2     2	 -4.204903372398	 -1.354703632901	 -0.233673577294
    3     1	 -5.306697615129	 -2.177807585563	  1.564473564344
    4     2	 -6.012133879177	 -1.299819221753	  1.759464336754
    5     1	 -5.223308752200	 -3.339656757883	  2.642612081802
    6     2	 -5.543416940904	 -3.068490658656	  3.696183788129
    7     3	 -4.939140906980	 -4.584584259332	  2.315851877130
    8     3	 -3.834238568957	 -3.457842951297	 -0.068301097430
    9     2	 -4.088390392629	 -4.172264041535	  0.627118017389
           	  0.000000000000	  0.000000000000	  0.000000000000
           	100.000000000000	  0.000000000000	  0.000000000000
           	  0.000000000000	100.000000000000	  0.000000000000
           	  0.000000000000	  0.000000000000	100.000000000000
