1            0.23453859
2            0.09671078
3           -0.34598355
4            0.11703754
5            0.36911318
6            0.05003149
7           -0.48269558
8           -0.43103877
9            0.39228631
1            3.76546141
2            0.90328922
3            4.34598355
4            0.88296246
5            3.63088682
6            0.94996851
7            6.48269558
8            6.43103877
9            0.60771369
1            1.00000000
1            2.00000000
2            1.00000000
3            1.00000000
3            2.00000000
4            1.00000000
5            1.00000000
5            2.00000000
6            1.00000000
7            1.00000000
7            2.00000000
8            1.00000000
8            2.00000000
9            1.00000000
1            1.00000000
1            2.00000000
1            2.00000000
1            2.00000000
2            1.00000000
3            1.00000000
3            2.00000000
3            2.00000000
3            2.00000000
4            1.00000000
5            1.00000000
5            2.00000000
5            2.00000000
5            2.00000000
6            1.00000000
7            1.00000000
7            2.00000000
7            2.00000000
7            2.00000000
8            1.00000000
8            2.00000000
8            2.00000000
8            2.00000000
9            1.00000000
1           -0.04430659
2            0.00028914
3            0.04750656
4            0.02957439
5            0.00331628
6            0.00441621
7           -0.01493738
8           -0.03072110
9            0.00486249
