       -13.155551382
   5.572085493000000084e-02     8.113580687200000474e-02    -7.900387170900000089e-02
  -4.521668258999999787e-03    -7.260418056999999592e-03     1.590290635700000038e-02
  -8.117859924199999355e-02     6.000452070000000110e-02     4.497214865600000083e-02
  -5.873847999999999873e-05    -1.887886665700000063e-02    -6.381857660999999855e-03
  -2.320358238899999925e-02     9.917241285000000239e-02     1.050905637400000037e-01
   5.305873969000000044e-03    -2.443436993000000154e-03    -1.573106526500000005e-02
   2.239480277099999833e-02    -1.380992959460000113e-01    -3.392398388699999906e-02
   1.530071950000000056e-02    -9.063018397100000567e-02    -9.221514850999999735e-03
   1.024033719899999917e-02     1.699946120099999833e-02    -2.170332538100000139e-02
   2.487600000000000054e-08    -2.246199999999999957e-08    -2.641299999999999968e-08
  -2.246199999999999957e-08     8.091999999999999932e-08     1.341000000000000063e-08
  -2.641299999999999968e-08     1.341000000000000063e-08     4.539499999999999720e-08
  -8.883342419999999641e-04     8.021365720000000511e-04     9.432343900000000024e-04
   8.021366040000000317e-04    -2.889717434999999977e-03    -4.788619510000000166e-04
   9.432344569999999515e-04    -4.788620129999999857e-04    -1.621083407000000051e-03
